"","B.Cells","CD4..T.Cells","CD8..T.Cells","DCIS.1","DCIS.2","Endothelial","Invasive.Tumor","IRF7..DCs","LAMP3..DCs","Macrophages.1","Macrophages.2","Mast.Cells","Myoepi.ACTA2.","Myoepi.KRT15.","Perivascular.Like","Prolif.Invasive.Tumor","Stromal","Stromal...T.Cell.Hybrid","T.Cell...Tumor.Hybrid"
"AACACCTACTATCGAA-1",0.00193496124488115,3.34783547269298e-05,0.00337273057036266,3.34783547269298e-05,3.34783547269326e-05,0.157108533718936,3.34783547270918e-05,0.0103931358817511,3.347835472693e-05,3.47813063167344e-05,0.0658246985342572,0.0153642638080512,3.96414548365959e-05,0.00452681673791489,0.0113177821131862,3.34783547269292e-05,0.729814827791691,3.34783547269685e-05,3.34783547268671e-05
"AACACGTGCATCGCAC-1",0.0276093835541063,9.73226700062308e-05,3.31080487881283e-05,3.31080487881252e-05,0.0486239148449645,0.0509842896345204,3.31080487881392e-05,0.00946589748874476,0.000261624976075479,9.76629381510955e-05,0.0773197454614552,0.00825337989984004,0.0150248931451412,3.82175448014221e-05,0.0074941335141162,3.31080487881278e-05,0.652654833794021,0.101909160290116,3.31080487881292e-05
"AACACTTGGCAAGGAA-1",4.38105262578922e-05,4.38105262628404e-05,0.0215622793574521,0.000214377377812312,4.3810526262832e-05,0.138878179678097,4.38105262628565e-05,0.00750755602021341,0.00889801064116724,0.0583361320535124,4.381052626285e-05,4.38105262628479e-05,0.365188848738458,0.113729906258948,0.0329039763862288,4.3810526262865e-05,0.252386438751749,4.38105262628471e-05,4.38105262628362e-05
"AACAGGAAGAGCATAG-1",3.2046976295547e-05,0.062151051360763,0.0250586841890206,0.00551415252242406,0.0276193306841456,0.122086366138671,3.20469762955263e-05,0.02260969802306,0.00994706683842339,0.115427057749516,0.032849940243037,0.00622711773640072,0.0592369161849448,3.39475193023412e-05,0.0326044365043278,3.20469762955424e-05,0.427252302047933,0.0512537443528486,3.20469762955712e-05
"AACAGGATTCATAGTT-1",2.20411909154887e-05,0.00440620089947274,2.20411909142496e-05,0.0170988074906579,0.00124866855150428,0.109068604187221,0.0390701130678942,0.00545652760663274,0.00316534503719745,0.0201962322765852,0.0437428760284722,0.00229010901224176,0.000273544450856137,2.20411909142031e-05,6.32796755011656e-05,0.0878732524004844,0.665936233360707,2.20411909141839e-05,2.20411909141774e-05
"AACAGGCCAACGATTA-1",2.19113371454543e-05,2.19113371394344e-05,2.1911337139435e-05,2.19113371394366e-05,4.4100401611549e-05,0.113796732194196,2.191133713945e-05,0.00343379263645245,2.1911337139437e-05,0.0032197777362121,0.103838625347527,0.00253402899236093,4.09076044474758e-05,6.69294802150018e-05,0.0461215677860025,2.1911337139434e-05,0.726706335786714,2.19113371393712e-05,2.19113371393734e-05
"AACAGGTTATTGCACC-1",0.0408952862605209,5.17298351089525e-05,0.029505088687851,5.17298351775518e-05,5.17298351090261e-05,5.17298351089501e-05,5.17298350989448e-05,0.00091895037375642,0.00683309831123729,5.1729835108967e-05,0.16799218435524,0.00337350011459334,5.17298351089521e-05,5.17298351089502e-05,7.89674707693744e-05,5.17298351089605e-05,0.746765784485845,0.00311984158903773,5.17298351088768e-05
"AACAGGTTCACCGAAG-1",6.67859940688269e-05,6.67859940687578e-05,6.67859940687573e-05,6.67859941664568e-05,6.6785994068756e-05,0.07401765977153,0.657890296124704,0.0134555321834759,0.00283373604554419,0.0203249854712479,0.0117840259456686,0.00552596081417612,6.67859940687614e-05,0.0065931516427749,6.67859940687577e-05,0.0564898979175794,0.150483680136582,6.67859940687657e-05,6.67859940687728e-05
"AACAGTCAGGCTCCGC-1",4.72517380321291e-05,4.72517380181735e-05,4.72517380707755e-05,4.72517383906517e-05,4.72517380427786e-05,0.0148596206625164,0.481244392388844,4.72517380427879e-05,4.72517380427887e-05,0.0255103088851384,4.72517380586086e-05,4.72517380365617e-05,4.72517380427864e-05,4.72517384585273e-05,0.0204275033542932,0.439744733741131,0.0175991683727555,4.72517380427912e-05,4.7251738042593e-05
"AACAGTCCACGCGGTG-1",6.88824916437502e-05,6.88824916437457e-05,6.88824916437499e-05,0.0917525361456472,6.88824916437343e-05,0.0631483557862469,0.00025431229208006,6.88824916437502e-05,0.00341291743104216,0.0699698466007964,0.0401746901628598,0.00167712358640068,0.0194943223142406,6.888249164375e-05,0.0432468594119172,0.255050067029935,0.307319257811261,6.88824916437534e-05,0.104017533986066
"AACAGTCGTGTCGCGG-1",3.32945164337711e-05,3.32945164213159e-05,3.3294516421317e-05,0.0491301884629623,0.0270763785842533,0.149388110830892,3.32945164213516e-05,3.32945164213115e-05,3.32945164213157e-05,0.0687658310993728,0.0979680929156378,3.32945164213136e-05,3.32945164213051e-05,0.00864083909397131,0.0568379849681146,3.32945164213137e-05,0.541826334364149,3.32945164212888e-05,3.32945164212906e-05
"AACATACTCATATGCG-1",0.00666329765936137,4.52764264388613e-05,3.30934969300541e-05,6.5841835962297e-05,3.30934969300533e-05,0.0125826573268939,3.30934969300114e-05,0.0187360899570075,0.00194734853359115,0.0356407779602636,0.115690692526275,3.30934969300537e-05,0.0182888192629111,0.0343032580487312,0.0137170936953414,3.30934969300522e-05,0.623961650489355,0.118158635296287,3.30934969300621e-05
"AACATAGTCTATCTAC-1",0.00324793664373805,4.60355913270568e-05,0.00742203264351952,0.181238432857754,0.0957049628518371,0.064914761586707,4.60355913270735e-05,0.0168486970751832,4.60355913270597e-05,0.0885931782294808,0.0221295617016833,4.60355913284678e-05,0.0249060878876333,4.6035591327062e-05,0.00660444519176584,0.000169255907876653,0.470189647078257,0.0177547867966002,4.60355913270637e-05
"AACATATTCTTGCGAA-1",3.19675123001853e-05,3.19675123041208e-05,3.19675123044859e-05,0.0417791154660308,0.0580845930398482,0.0541213311626874,0.0808628451211882,3.19675123041203e-05,3.19675123041203e-05,0.128292627608936,0.0805144917536521,0.00188370537645963,0.0264455654596492,3.83409486984565e-05,0.0286049568656825,0.02172506954351,0.477423585067533,3.19675123041184e-05,3.196751230413e-05
"AACATCGCGTGACCAC-1",0.000337400917837571,3.13539291667825e-05,3.13539291667961e-05,0.0726205306694265,0.0302983772303419,0.0596037115928444,0.149964055385707,3.13539291667968e-05,3.1353929166795e-05,0.109107263889258,0.032553908964223,3.13539291667982e-05,0.0069221627359591,0.0230770469154442,0.0232748174513187,0.0150693302357967,0.476951916507675,3.13539291667836e-05,3.13539291667957e-05
"AACATCTAATGACCGG-1",3.25735265797849e-05,3.2573526724826e-05,3.25735267643024e-05,3.25735267584252e-05,0.969690552447107,3.25735266138347e-05,3.25735267622686e-05,3.25735267621639e-05,3.25735267621623e-05,3.2573526762162e-05,3.25735267598576e-05,0.000881501117767957,3.25735267622226e-05,0.0289067700101854,3.25735253721716e-05,3.25735267621842e-05,3.2573525266905e-05,3.2573526762559e-05,3.25735267633972e-05
"AACATCTTAAGGCTCA-1",4.93051841958671e-05,4.93051836948445e-05,4.93051836789945e-05,4.93051837652368e-05,4.93051837442871e-05,0.000130268147654053,0.666483470045542,0.00160496140554594,0.000272208556362641,4.93051837442789e-05,4.93051837823599e-05,0.000499457074787443,4.93051837442838e-05,4.93051837530221e-05,0.0101466612631098,0.308467947432239,0.0118526690531168,4.93051837956471e-05,4.93051837441484e-05
"AACATGACGCAGCGTG-1",3.24308535817228e-05,3.24308535813583e-05,3.24308535814591e-05,3.24308535813666e-05,0.000152234117936511,0.399931068575195,3.24308535813403e-05,3.24308535813565e-05,3.24308535813549e-05,3.24308535813554e-05,0.0341280370652165,3.24308535813564e-05,7.19807444091227e-05,8.09180866119664e-05,7.0499613676029e-05,3.24308535813676e-05,0.565176091553978,3.24308535813707e-05,3.24308535814353e-05
"AACATGACTTGGCTGC-1",2.2754692526398e-05,2.2754692536984e-05,2.27546925371321e-05,2.27546925369909e-05,0.0751215677170822,0.0531526576185353,0.000128408789515614,2.27546925369837e-05,2.27546925369841e-05,2.27546925369851e-05,0.0455714365966474,0.0589095719177769,2.922164376903e-05,2.39244922327886e-05,0.00845690343934875,2.27546925369852e-05,0.758378760859733,2.27546925369809e-05,2.27546925369596e-05
"AACATGCGCAAGTGAG-1",3.21732308732879e-05,3.21732308772369e-05,3.21732308772432e-05,3.21732308772392e-05,6.04016072607094e-05,0.253360020017681,3.21732308772165e-05,0.00438071581730081,3.21732308772436e-05,0.0207068502673641,0.0488798979201686,0.00381344566685435,5.82487008702339e-05,0.0134355223335253,0.00245739823098453,3.21732308772455e-05,0.635136401921536,0.0174537116694393,3.21732308772634e-05
"AACCAAGCGTGGCCTC-1",0.0305121527743145,0.202007857292035,0.209122403723587,6.33353771341242e-05,6.33353771341217e-05,0.0115198003556551,6.33353771268104e-05,0.0547376133741699,0.131637862470917,0.184908382191907,0.00228439441259537,0.0020617754159385,6.33353771341241e-05,0.00719289585366953,0.0106119224869793,6.33353771341309e-05,6.3335377134128e-05,0.1529595920083,6.33353771341181e-05
"AACCAAGGTATCAGGC-1",6.65605570892846e-05,6.65605570902126e-05,6.65605570902304e-05,0.109912737123376,0.0283441291156888,0.0513164003008964,0.12048903944866,6.65605570902309e-05,6.65605570902306e-05,0.0286725430105649,0.0488961074003693,0.00120285549468956,6.65605570902065e-05,0.0138831427635689,0.104243370982678,0.172066955261191,0.320440234641596,6.65605570902319e-05,6.65605570902273e-05
"AACCAATCTGGTTGGC-1",0.0998593656909596,0.0473259422192195,0.0129479295640268,0.0916453859348864,0.0416473280198774,0.0846241705575644,5.18159601890158e-05,5.18159601890316e-05,5.18159601890316e-05,0.11027232587637,0.0498799503588015,0.000691651937459916,5.18159601890317e-05,5.18159601890276e-05,0.0450196508624807,0.00346668465087341,0.364794436126428,0.0475142824399188,5.1815960189009e-05
"AACCACTAACATGATT-1",0.00499738091109325,4.68496919759812e-05,0.0150845640250884,0.757057076226043,5.51396542355428e-05,0.00646148928418144,4.68496919759489e-05,4.68496919759815e-05,0.00287684453880691,0.0830814717700872,4.68496919762431e-05,4.68496919759815e-05,0.0762670424512084,4.68496919759819e-05,0.00797977780693961,0.000278351175628136,0.0454860646208805,4.68496919760052e-05,4.68496919759624e-05
"AACCACTGCCATAGCC-1",3.13139497708986e-05,3.13139497704753e-05,3.13139497704666e-05,0.0740071601043947,3.13139497704482e-05,3.13139497704664e-05,3.13139497704882e-05,0.00181669877101535,0.00400002503407362,3.13139497704642e-05,3.13139494587651e-05,0.000377176089405818,0.245434856919133,0.611264994841634,3.13139497704655e-05,3.13139497704601e-05,0.0627233208434096,3.13139497704573e-05,3.13139497696291e-05
"AACCAGAATCAGACGT-1",0.0164974658098321,3.25456278855631e-05,0.00975900209534868,3.25456278855593e-05,0.0780818885340542,0.0682503796701327,3.25456278855562e-05,3.25456278855619e-05,3.25456278855645e-05,0.0973605219896659,0.0731537476917368,0.00627659925710166,3.25456278855663e-05,0.0571594028684859,4.69711497395169e-05,3.25456278855655e-05,0.593121110282932,3.25456278855634e-05,3.25456278855651e-05
"AACCATAGAATTCGAA-1",0.0204057367192297,3.24413612062539e-05,0.0164286832721026,3.24413612062914e-05,3.24413612062647e-05,0.163634627497966,3.24413612062963e-05,0.0290271032129465,0.00432482389159739,3.24413612062673e-05,0.109831743563095,0.0235243392975011,0.0786026217471453,0.0202470355763029,0.04290431931881,3.2441361206286e-05,0.490809435013653,3.24413612062675e-05,3.24413612062856e-05
"AACCATCGGAAGCGAC-1",0.0102083656972412,0.0497837161709003,0.0214710692714398,3.18895201941586e-05,0.000137377007961539,0.136890215594241,3.18895201941458e-05,0.0213319789613293,0.00468588442856726,0.0307493175131201,0.093438500909078,0.00478885026733582,0.00850891151313479,0.0217956726149743,7.35526752933125e-05,3.18895201941582e-05,0.595977139774412,3.18895201941581e-05,3.18895201941602e-05
"AACCATGAATTGCCTT-1",6.55010966603613e-05,6.55010966599857e-05,6.55010966599856e-05,0.0668297616543795,0.475120374158332,0.0323503771956255,0.000141015756227681,6.55010966599851e-05,0.00172465000478239,0.208285055537624,6.55010966599848e-05,0.00271302420133227,0.0045893988062147,0.0404227132426501,0.0259962050840789,6.68182265288954e-05,0.141302098455603,6.55010966599776e-05,6.55010966599872e-05
"AACCGCATGTATGTTA-1",3.27209386940715e-05,3.27209386939891e-05,3.27209386941082e-05,4.82713339366943e-05,0.000137985455172566,0.0369113499034495,3.27209386939849e-05,0.00878086349108179,0.00567356276722095,3.96621001480992e-05,0.0573180879149697,3.27209389323342e-05,3.27209386939863e-05,3.27209386939962e-05,0.0109595445914678,3.27209386939877e-05,0.879803463055374,3.27209386939859e-05,3.27209386940297e-05
"AACCGCCAGACTACTT-1",0.00108350369690033,3.3048567227572e-05,3.30485672275981e-05,3.30485672275955e-05,3.30485672276005e-05,0.00633790256872586,3.30485672276358e-05,3.30485672275978e-05,0.00301262032854649,0.0882811381729733,3.30485672275996e-05,0.00245481651167602,0.0529347703277423,0.0235896885561699,0.0334392216461776,3.30485672276053e-05,0.760707662670522,0.0278612384155176,3.30485672275982e-05
"AACCGCGGTAACTACA-1",0.0588623377379707,0.118414077239275,0.0372069905313762,6.74039323329701e-05,6.74039323329745e-05,0.0809333541439773,6.74039323329293e-05,0.0962442880334636,0.0258019755932764,0.0360613664473947,0.0477746034369851,0.00656323178207954,0.0134705790451691,0.0094277946082984,0.028080560729198,6.7403932332969e-05,0.186578630129437,0.254243190880434,6.74039323329619e-05
"AACCGTGCTTATGTTG-1",0.0130060269337051,9.820649040357e-05,9.38573627967348e-05,9.38573627965878e-05,0.42100088616219,0.0896097472696187,9.38573627963769e-05,0.0118250233688485,0.00149992341278003,0.0723937717011608,0.00470139178141941,0.00473859836616594,0.0815992525940125,0.0721407553086853,0.040751016824757,9.38573627967416e-05,0.178104839580372,0.0080612733918978,9.38573627969446e-05
"AACCTAAGATACTGAG-1",3.18558730896257e-05,0.0314736322249306,3.1855873089622e-05,0.0443245874218427,0.0668117477501475,0.108081585382649,0.00403863499256578,3.18558730896176e-05,3.18558730896169e-05,0.0941172641084157,0.0521449809315961,3.18558730896453e-05,3.18558730896121e-05,0.0744461469737311,0.0820359255120654,3.18558730896292e-05,0.44223879184425,3.18558730896137e-05,3.18558730896166e-05
"AACCTACAGAGGTAGT-1",2.24392485289304e-05,2.24392485280773e-05,2.2439248528265e-05,0.0043390674490827,0.0394212414377588,0.0898887631275536,0.112533829670355,2.24392485280794e-05,0.00132970517351933,0.0398733865087952,0.024763979141678,2.24392485280769e-05,2.53227496246863e-05,2.34601920818384e-05,0.0881261142700693,2.24392485280781e-05,0.599495616291256,2.24392485280701e-05,2.24392485280661e-05
"AACCTACCTACCGGTT-1",6.60103053146957e-05,6.60103053146899e-05,0.034854626695481,0.336679469539629,6.60103053146971e-05,0.0624854787956616,6.6010305314636e-05,6.60103053146958e-05,0.0020305936389273,0.160929310769992,6.60103053146957e-05,0.0067403885599198,0.277708928333841,6.60103053146958e-05,0.0400878015795402,0.00590054525487822,0.0281310498221474,0.0439237245674646,6.60103053147017e-05
"AACCTACTGTAACTCA-1",3.36356415951055e-05,3.36356416470953e-05,3.36356416425472e-05,3.3635641604515e-05,3.36356416486952e-05,0.00351054616970566,0.38209991494095,3.36356416388724e-05,3.36356416486955e-05,3.36356416194423e-05,3.36356418015324e-05,3.36356416747605e-05,3.36356416497721e-05,3.36356412522373e-05,0.00470134211983166,0.609183662145122,3.3635641648332e-05,3.36356416690348e-05,3.36356416494389e-05
"AACCTGACAGTGCCGC-1",4.84766816573326e-05,4.84766816764982e-05,4.84766816098617e-05,4.84766816631966e-05,4.84766816631547e-05,4.84766816631775e-05,0.621313210891553,0.00152843804471914,4.84766816631769e-05,0.00407454811213568,4.84766816180945e-05,4.84766816422785e-05,4.84766816631776e-05,4.8476682034793e-05,4.84766817182133e-05,0.360872454797151,0.0115326746108498,4.84766816531332e-05,4.84766816645207e-05
"AACCTTAGCGTCCGGT-1",3.37125188909031e-05,3.37125189884972e-05,3.3712518973518e-05,3.37125190198344e-05,0.985185176567609,3.37125186356187e-05,3.3712518995447e-05,3.37125189954465e-05,3.37125189953216e-05,3.37125190309539e-05,3.37125188894189e-05,3.37125189947802e-05,3.37125189953683e-05,0.0142338058108163,3.37125181075334e-05,4.16173191000847e-05,3.37125188155471e-05,3.37125191492622e-05,3.37125189970198e-05
"AACGAAGCGTGGAAGT-1",3.32304889315135e-05,3.32304889305462e-05,3.32304889305501e-05,3.32304889305682e-05,3.32304889305582e-05,0.0294532314712748,3.32304889305149e-05,3.32304889305509e-05,3.32304889305503e-05,3.32304889305516e-05,0.0835683110153272,0.00478563319833287,3.32304889305529e-05,3.89161975543608e-05,0.0028710577288915,3.32304889305517e-05,0.86763473698787,0.0112493475335815,3.32304889305434e-05
"AACGAATTGACCGGTT-1",0.0565808679304909,3.57231166550186e-05,0.00371316051319653,3.57231166550113e-05,3.57231166550139e-05,0.130548511255331,3.57231166550461e-05,0.0257919700658877,3.57231166550173e-05,0.0625845842037144,0.0248500823656146,3.57231166550164e-05,3.57231166550123e-05,0.00259529127343561,0.103936055620194,3.57231166550201e-05,0.589042245605585,3.57231166550168e-05,3.57231166550278e-05
"AACGACATTAAGATGG-1",6.78211239634299e-05,6.78211239661451e-05,6.78211239680939e-05,6.7821123970932e-05,6.7821123966131e-05,0.125972670126513,0.457391392710485,6.78211239661433e-05,6.78211239661443e-05,0.0666323942358251,6.78211239644449e-05,6.78211239661463e-05,6.78211239661506e-05,6.78211239659435e-05,0.137593217410886,0.154926895861753,0.0566017550429757,6.78211239661397e-05,6.78211239661517e-05
"AACGACCATTCGAATC-1",3.16426371359613e-05,3.16426371339113e-05,3.16426371339319e-05,3.16426371339361e-05,3.16426371339328e-05,0.235425267669257,3.5138416145547e-05,3.16426371339321e-05,3.16426371339323e-05,0.236999646141597,0.0279288751365915,3.16426371339322e-05,3.16426371339335e-05,3.16426371339325e-05,0.0395998973699684,0.0819482309567614,0.37768323266407,3.16426371339596e-05,3.16426371339466e-05
"AACGAGCCTCTTCGGC-1",4.63179379284573e-05,4.63179379239482e-05,4.631793792395e-05,4.63179379227137e-05,4.63179379239514e-05,0.246242668340391,0.166323232345226,4.63179379239508e-05,4.63179379239501e-05,0.00978925521987808,0.00967888823456703,0.000969334581205809,4.63179379239633e-05,4.63179379239467e-05,0.0867893287464009,0.325035046176892,0.154662749038272,4.63179379239466e-05,4.63179379239514e-05
"AACGAGCTAATAACTA-1",2.27990702792724e-05,2.2799070278994e-05,2.27990702789968e-05,2.27990702789191e-05,2.27990702789916e-05,0.205487464078912,2.27990702789839e-05,2.27990702789953e-05,2.27990702789939e-05,0.0782367681572348,0.0584306524205169,0.000468755698854668,2.27990702789941e-05,2.27990702789913e-05,0.052815061971663,0.0788874631568667,0.525400245672604,2.27990702789923e-05,2.27990702789872e-05
"AACGCACTGGTGCTCG-1",4.75326809607314e-05,4.75326809659899e-05,0.00728834672159382,4.75326808748084e-05,4.75326809659951e-05,0.0859861255611947,0.728013542532581,4.75326809659764e-05,0.00285039408860435,0.030322944765016,4.75326809564279e-05,4.75326809638174e-05,0.000205752474412642,4.75326809659778e-05,0.0145402958353494,0.0626784481140617,0.0577430826364361,0.00994327314216422,4.75326809660193e-05
"AACGCATGCCTCAATA-1",0.0767522445942336,0.000100284323920134,0.0071257805883261,0.000100284323920039,0.00010028432392003,0.0714070302119006,0.484659841010802,0.000100284323920035,0.000100284323920035,0.0954276556409746,0.00711744143017197,0.00505940615391832,0.000100284323920046,0.000100284323920036,0.049872618605713,0.100815748912827,0.0731510617393728,0.0278088965204,0.000100284323920037
"AACGCTTCGAGTAACT-1",0.18042798958604,0.000280985822737903,0.0253393077888397,0.000104136712958956,0.000104136712958946,0.0547473734577234,0.000104136712958824,0.0858238967602968,0.0320187660568772,0.076541600133289,0.0766669100545024,0.0209622381768451,0.000541947429497399,0.0127660649885255,0.0290369945936342,0.000104136712958951,0.182934032198385,0.221391209388011,0.000104136712959003
"AACGGCACAGAATATT-1",4.70748484725946e-05,4.70748484746727e-05,4.70748484746719e-05,4.70748486266313e-05,4.70748484746969e-05,0.0225673738460251,0.375141366621191,0.00228317611624457,0.00313129424547183,0.0414843095115059,4.70748484610024e-05,4.70748484738287e-05,4.70748484746587e-05,4.70748484752081e-05,0.0174379579244595,0.496512462037956,0.00887205346245674,0.032099257749806,4.70748484748121e-05
"AACGGTAATCGACCTG-1",0.0687580307607452,0.00160475116957483,0.0212185906705578,3.24976086368456e-05,3.24976086368458e-05,0.140527585114002,3.24976086367848e-05,0.0189123954459927,0.0148119793979125,0.08035294728434,0.0308172188838343,0.00179769350487589,0.0136693577265503,0.0224510505634089,0.120671961837315,3.24976086368482e-05,0.417127423937358,0.0471165256603484,3.24976086368419e-05
"AACGTCGCGACAAGGT-1",4.67346922309518e-05,4.67346922222794e-05,0.00424287988003294,4.67346922222536e-05,4.67346922222708e-05,0.104842750215005,0.172821051782725,0.00515447982186922,0.00347740218455464,0.024348831960376,4.67346922132579e-05,0.00723505331079308,4.67346922222743e-05,4.67346922224111e-05,0.189629947954862,0.391271792643076,0.0965551980167064,4.67346922222738e-05,4.67346922222926e-05
"AACGTGACGGTCCACC-1",3.3429923516061e-05,3.3429923515527e-05,3.34299235155084e-05,3.34299235159411e-05,3.34299235156074e-05,0.00054478704696772,3.34299235157155e-05,3.34299235156082e-05,3.34299235156054e-05,3.6777735384827e-05,0.073897404237398,3.34299235156073e-05,3.34299235155982e-05,3.34299235156046e-05,0.000103206382537075,3.34299235156019e-05,0.924949805668493,3.3429923515607e-05,3.34299235156047e-05
"AACTAACGAACTAGAT-1",6.31902239062473e-05,0.00331158257714307,0.0179556643847783,0.14474455364949,7.45975371264068e-05,0.062693435465211,0.382289927389455,6.31902239062477e-05,0.00555502982645909,0.102371833143395,0.0131162133473622,6.31902239058089e-05,6.31902239062481e-05,0.0113268034248545,0.00422490481809678,6.86800055845113e-05,0.251887633087608,6.31902239062381e-05,6.31902239062478e-05
"AACTAGCACTGTTCGA-1",0.0518166580370359,6.51241077908628e-05,6.51241077908458e-05,6.51241077908551e-05,6.5124107790847e-05,0.0985998690965341,6.51241077881007e-05,0.0312336531256035,0.0405095093932691,0.10172162169452,0.0327579761217097,6.51241077908476e-05,0.0545611177306975,0.0142177806382524,0.068305312426461,6.51241077907968e-05,0.213487682385046,0.292267826488546,6.51241077914154e-05
"AACTAGCATCACGTAC-1",3.21080139666073e-05,3.21080139671971e-05,0.00555875035397234,0.108737886428685,0.0757552622377755,0.0383360097876314,3.21080139671947e-05,0.00352407194807927,0.00669594060658526,4.71920889725694e-05,0.0520289446975017,3.21080139671911e-05,0.0148251170377938,0.025540295976244,0.0445700749306638,3.21080139671912e-05,0.624155697808325,3.21080139671912e-05,3.21080139672404e-05
"AACTAGCCTAATAGCA-1",6.59717084451155e-05,6.59717084455579e-05,0.0129699371258916,6.59717084455528e-05,6.59717084455552e-05,0.0757892589153452,0.452572773516605,6.5971708445555e-05,0.0184347451205179,0.114727385567642,6.59717084437193e-05,0.000584598734900969,6.5971708445554e-05,6.59717084455546e-05,0.0105233175759718,0.250259084546395,0.0421254958797207,0.0214196576410015,6.597170844555e-05
"AACTAGCCTTGCAATA-1",0.129321602091856,0.000119219201383391,0.00638851511118347,0.00011921920136423,0.000119219201383388,0.030186026136432,0.000119219201374865,0.0632826161595087,0.0176954964938259,0.0339899483218792,0.109933028975309,0.00856829231442005,0.00011921920138339,0.000868268492177449,0.00787389360450087,0.00011921920138339,0.298421446033784,0.292636331855467,0.000119219201383847
"AACTAGCGCTCCAGTT-1",4.52928517349134e-05,4.52928517852826e-05,4.52928517656423e-05,4.52928517728701e-05,0.932711592339252,4.52928517828087e-05,4.52928517827313e-05,4.52928517829326e-05,4.52928517828098e-05,4.52928517827914e-05,4.52928517740571e-05,4.52928517828087e-05,4.52928517828048e-05,0.066513373138963,4.52928517827992e-05,5.03488933465367e-05,4.5292851783475e-05,4.52928517763774e-05,4.52928517832889e-05
"AACTAGGCCTGACACC-1",2.20084534333157e-05,2.20084534326354e-05,2.20084534326397e-05,0.0491533831484189,0.0636948566690645,0.129629593793776,5.90211035833035e-05,2.20084534326345e-05,2.20084534326343e-05,0.020255832436196,0.0867487483221244,2.20084534326385e-05,2.2008453432638e-05,0.00964338528498503,0.0548962498836849,0.0571281827167133,0.528592670560559,2.20084534326348e-05,2.20084534326329e-05
"AACTATCGTCATAGTC-1",0.0349717346766971,0.00215566973184287,0.0117427383311389,0.000106215641916,0.319368962372593,0.094540333277291,0.000106215641916033,0.0100202520272482,0.000106215641915997,0.0416584045249413,0.043868249353329,0.0135738300760949,0.0382382736130941,0.0714463523056601,0.0107885443193544,0.000106215641915997,0.30698936153922,0.000106215641915997,0.000106215641916019
"AACTATCTAGCAGTAT-1",0.112353567732015,0.0167803106487653,0.0336841115421063,0.000149913943903907,0.000149913944147234,0.0826994961643145,0.000149913944147235,0.038468321963528,0.0493212454164279,0.148516651866,0.0027813943447602,0.000149913944147231,0.00014991394414723,0.000149913944145903,0.0908353065488538,0.249056005371964,0.0236524268302851,0.150801763962194,0.000149913944147388
"AACTATGCTGCATTCG-1",4.46989522511382e-05,4.46989522563204e-05,4.46989522562631e-05,4.46989522128186e-05,0.60656123266244,0.00308069065549528,4.46989522562474e-05,4.46989522562647e-05,0.000426736138699837,4.4698952256265e-05,4.46989522923013e-05,0.00360586462099898,0.0800346306627499,0.238814112122227,0.00748744950423965,4.4698952256283e-05,0.0594975951583435,4.46989522562546e-05,4.4698952256534e-05
"AACTATGTGCTTGTTA-1",3.25409864823911e-05,3.25409864856763e-05,3.25409864856768e-05,0.117763402995767,0.0321809087598028,0.129038131963083,3.25409864856724e-05,3.25409864856759e-05,3.2540986485673e-05,0.0296650793222955,0.0443682762384343,3.25409864856758e-05,0.0387205363767041,3.25409864856817e-05,0.0878705833151327,3.25409864856767e-05,0.520035130177441,3.25409864856337e-05,3.25409864856745e-05
"AACTATTCTGCGGCCT-1",2.17671470079649e-05,2.17671470081156e-05,2.17671470084181e-05,0.057290503499335,2.17671470081151e-05,0.0898300533542986,0.0778898619481865,2.17671470081152e-05,2.17671470081161e-05,0.032621113783656,0.0495930484530586,2.17671470081202e-05,2.48935071828671e-05,2.17671470081142e-05,0.0202421063788846,0.030562196970226,0.64172855063509,2.17671470081178e-05,2.17671470081063e-05
"AACTATTGGCGGATTC-1",0.0338040330101654,0.000115284642398633,6.775420297469e-05,6.77542029746735e-05,6.77542029746909e-05,0.252713504682335,0.0254148143351939,0.0319376645583628,0.00342148021173873,0.0892298932246124,0.0234861975057876,0.00675004634507272,6.77542029746892e-05,6.77542029746902e-05,0.0567533024297271,0.157217192764844,0.19940288159136,0.119347179480554,6.77542029746954e-05
"AACTCAACCTTGACCA-1",0.00825031527732131,0.0377995546820489,0.0188313287096102,3.50796283623589e-05,3.50796283623761e-05,0.0846929352034415,3.50796283623498e-05,0.0102834290423683,0.00377714793388906,0.000167024099790133,0.19213654204091,0.00517609884941764,3.50796283623912e-05,3.50796283623906e-05,5.58430008505866e-05,3.50796283623601e-05,0.621657173268813,0.0169270504930026,3.50796283624044e-05
"AACTCAACTTGACAGC-1",0.0104702150321644,2.24778962464161e-05,0.0551747374345776,2.24778962464284e-05,0.00581178000618598,0.0566644230607467,0.106490995882414,2.24778962464289e-05,2.24778962464291e-05,0.0282339111762659,0.0839343741709273,2.24778962464292e-05,2.24778962464115e-05,2.24778962464298e-05,4.34009111992273e-05,0.00314747663150554,0.649826384627795,2.247789624643e-05,2.24778962464363e-05
"AACTCACCGAACTTAT-1",2.30627223990502e-05,2.91357972139235e-05,2.30627223958985e-05,2.30627223958989e-05,2.3483703458309e-05,0.0345167487106333,4.5891308675257e-05,2.30627223958979e-05,2.3062722395899e-05,0.0224928748864772,0.152775146043205,0.0758545275141886,2.3062722395905e-05,3.99320781771372e-05,2.51562731127287e-05,2.30627223958889e-05,0.681747957549591,0.0222228020108235,0.01006490506767
"AACTCACCTCGGTGTT-1",3.16662113434432e-05,3.16662113430786e-05,0.0180727104316469,0.134460864314843,3.55064252327687e-05,0.00896010436657934,3.16662113431517e-05,0.0014477457017091,0.00205791631718767,3.7911570097883e-05,3.16662113433946e-05,3.16662113430821e-05,0.190496557964559,0.00827297421232055,0.029815545420751,3.16662113430823e-05,0.562215221849471,0.0439052779461996,3.16662113431263e-05
"AACTCACGGAGTACGT-1",0.0696851481606611,0.116635899165162,0.00953633600602685,9.89407037661036e-05,9.89407037860983e-05,0.0974895238828558,9.89407037859891e-05,0.0761983725167503,0.0551170447684933,0.0496877905038918,0.101982666449519,0.0267079951697925,9.89407037860955e-05,0.0119849537246484,0.0379289406419096,9.8940703786073e-05,0.0574669013745439,0.288984783413061,9.89407037744762e-05
"AACTCAGATCCATGCC-1",6.60621029339071e-05,6.60621029353244e-05,0.00017382370285837,6.60621029353638e-05,6.60621029353691e-05,0.0723766299026712,0.43207327997728,0.0017466818042469,6.60621029353604e-05,0.0961652385650011,6.60621029353608e-05,7.84508992853732e-05,6.60621029353571e-05,6.60621029361839e-05,0.0424886203075318,0.29891142155335,0.0553252322584223,6.60621029353584e-05,6.60621029353638e-05
"AACTGCAACGTCCTGG-1",2.2909898139675e-05,0.000954390217525373,2.29098981406337e-05,2.29098981404587e-05,0.0301809745207786,0.116890128531156,0.0858484177920707,2.29098981404585e-05,2.29098981404602e-05,0.00191615444249819,0.11517775788119,2.29098981404588e-05,2.2909898140452e-05,0.0283267348592339,0.0337097389235437,2.29098981404585e-05,0.5867666038506,2.29098981404658e-05,2.29098981404331e-05
"AACTGCAATACGGATT-1",4.76378113204968e-05,4.763781131883e-05,0.00339601146187019,4.76378112824055e-05,4.76378113157015e-05,4.76378113083035e-05,0.513957758953294,4.76378113046822e-05,0.000964078973234835,0.0040364316110797,4.7637811333644e-05,0.00130020207703018,4.76378113145401e-05,4.76378118216034e-05,4.76378113189239e-05,0.454625828091953,0.0211480350952682,4.76378113156777e-05,4.76378113157471e-05
"AACTGCCGGAGTAACA-1",0.00189979517852398,3.64223098736616e-05,3.64223098739404e-05,0.000101666189614613,6.60991650056602e-05,0.156324041461125,3.64223098735755e-05,0.0109361085979636,3.64223098736239e-05,3.64223098736236e-05,0.0211877505294473,0.00562956851780942,3.64223098736199e-05,0.00880045872029923,0.00897053437536251,3.64223098736243e-05,0.785756176475986,3.64223098736236e-05,3.64223098737156e-05
"AACTGCCTCGATAGGT-1",3.52925364999158e-05,3.52925364999317e-05,3.52925364999167e-05,3.52925364441316e-05,3.52925364999142e-05,0.138045586511252,3.52925364998427e-05,0.00727739638628394,0.0185214312347981,0.00383981011900634,0.0461523559103158,3.5292536499916e-05,3.52925364999192e-05,3.52925364999159e-05,5.80371021660718e-05,3.52925364999179e-05,0.7797687781337,0.00594838670103468,3.52925365000612e-05
"AACTGCGAACCTTACC-1",1.62820205962519e-05,1.62820205970332e-05,1.62820206096989e-05,1.62820206385062e-05,1.62820206053665e-05,0.113534146319599,0.0582999811790082,1.62820206053601e-05,1.62820206053606e-05,0.00704713983897645,1.62820206111436e-05,1.62820205966177e-05,1.62820206053934e-05,1.6282021362055e-05,0.0276320154037513,0.775871420261945,0.0174036307280772,1.62820206053605e-05,1.62820206052893e-05
"AACTGCGATCGACTAA-1",3.36871413507266e-05,3.36871413507878e-05,3.36871413507639e-05,0.0679649358119705,0.0228148794306448,0.0543953003699635,0.0501762698562907,0.000982153306307754,3.36871413507738e-05,0.0991886740301803,0.0972607332609707,3.36871413507704e-05,0.0076734313716415,3.36871413507633e-05,0.0318473475845389,0.056914107163093,0.510512670683592,3.36871413507909e-05,3.36871413507756e-05
"AACTGCGATGAATAGG-1",4.57396525583754e-05,4.57396525594826e-05,4.57396524280705e-05,4.57396527063906e-05,0.903533950526128,0.00927406151616882,5.17719824303334e-05,4.57396525583703e-05,4.57396525583705e-05,4.57396525555382e-05,4.5739649662856e-05,4.5739652559188e-05,0.0247768069381813,0.00972523219643234,0.0101638433785559,4.57396525583933e-05,0.041925457634281,4.57396525583763e-05,4.57396525589556e-05
"AACTGCGGTCCGAAGC-1",6.63686574803812e-05,6.63686574819164e-05,0.00228620832276084,6.63686574819094e-05,6.63686574819046e-05,0.275812243547909,0.236584938841558,6.63686574819177e-05,0.00542256234807798,0.080191367977324,6.63686574819163e-05,6.63686574819143e-05,6.63686574819214e-05,6.63686574819161e-05,0.0844807379751058,0.222027380349595,0.0924645054053689,6.63686574819177e-05,6.63686574818329e-05
"AACTGCTACCTCGATA-1",3.13866432627724e-05,3.13866432627774e-05,3.13866432627728e-05,0.0333813763473024,0.0801309143106927,0.138708467809104,0.000184832522067752,0.00507531574658534,3.13866432627737e-05,0.0789811342480587,0.0432413937758951,3.13866432588094e-05,3.13866432627722e-05,3.97655979359013e-05,0.0650202802929993,3.13866432627764e-05,0.53815218356286,3.13866432627725e-05,0.0168332426404006
"AACTGGATACTTCACT-1",4.59800160938635e-05,0.00211098613191055,0.0352622120408858,0.060242771965508,0.122923226497173,0.0970375383120148,4.59800160938592e-05,0.00273147947758012,4.59800160938679e-05,0.146507843740019,0.0327594431249151,0.00754906018842934,0.0222186816881623,0.00381284990568855,0.0269254456073288,4.59800160938608e-05,0.430522049421846,0.00916651181807005,4.59800160938595e-05
"AACTGGTCATGTGGTT-1",4.71322796526673e-05,4.7132279646787e-05,4.7132279650482e-05,4.71322794668926e-05,4.71322796467748e-05,0.0133550440136775,0.531676032280508,0.00110453813443517,4.7132279646782e-05,0.012446832642474,4.71322796357882e-05,4.713227964769e-05,4.71322796467821e-05,4.7132279648084e-05,4.71322796467817e-05,0.405863459394187,0.0279600061865659,0.00702849999256974,4.7132279646939e-05
"AACTTAACAGTGAGGA-1",0.0337814167096128,3.32478703153769e-05,0.0336965248900377,0.04124962753977,3.32478703153874e-05,0.0867843087989816,3.32478703153465e-05,0.0144077520712713,3.32478703153898e-05,0.0625136675396358,0.0503321758964574,3.32478703153894e-05,0.109055457289561,3.32478703153892e-05,0.075854067282828,3.32478703153894e-05,0.433674466837658,0.0583845521816633,3.324787031539e-05
"AACTTATGATACGTAC-1",0.00381654881860458,3.46388694938603e-05,0.0136762208443428,4.08063624252515e-05,0.000146649781571424,0.0510973209288547,3.46388694939225e-05,3.46388694938602e-05,0.00320506322332955,0.00619644206899992,0.0189037294488343,0.00022268209409577,0.00950960605267664,3.46388694938585e-05,5.294128522439e-05,3.66274848769733e-05,0.892887528389201,3.46388694938602e-05,3.46388694938091e-05
"AACTTCAAGGATAATC-1",0.0354394415626786,0.000295606427506435,0.00223268072190553,6.79627857022522e-05,6.7962787087044e-05,0.210754570748698,6.79627870691726e-05,0.0180599617794807,0.0154027341282509,0.0886208870693209,0.0763962181594937,0.0186889567055189,6.79627870870437e-05,6.79627870870439e-05,0.269309997718538,6.79627870871359e-05,0.11128612962776,0.153037075842647,6.79627870816885e-05
"AACTTCACAATAACTG-1",4.88690580638007e-05,4.88690580916414e-05,4.88690580885806e-05,4.88690580879995e-05,4.88690580822449e-05,0.00223445340716021,0.729339840702778,4.88690581125203e-05,0.000348437942965171,0.00111073295290699,4.88690581149354e-05,4.88690581021906e-05,4.88690580805198e-05,4.88690580807155e-05,0.0067291503599358,0.226836298886701,0.0328146570504821,4.88690580822668e-05,4.88690580827371e-05
"AACTTCAGATACTACC-1",2.34435142257172e-05,2.34435142257547e-05,2.3443514225708e-05,0.0671973857059888,0.0498568773528617,0.132780633705268,2.34435142256466e-05,0.00606569272499356,2.3443514225716e-05,0.0205742636178835,0.070022130940636,0.0034364333735244,0.00542701500687422,2.34435142257132e-05,0.0632216819034532,2.34435142257123e-05,0.581206894040486,2.34435142257176e-05,2.34435142257222e-05
"AACTTCAGCATGGCCG-1",0.00596756286743855,0.00013742747782258,3.29822094754523e-05,3.29822094754495e-05,0.0979652639540131,0.0391832527775562,0.0257529171379915,3.29822094754521e-05,0.0106111790452321,0.0893476195548187,0.0484935779676662,0.0168068666098475,0.0034095131826693,0.00467414620340568,0.037147507627379,3.29822094754515e-05,0.524475675601833,0.095862578944949,3.2982209475455e-05
"AACTTCATCTTCTGGT-1",0.00267441558111116,6.72738484727504e-05,6.72738484727568e-05,6.72738484727562e-05,6.72738484727557e-05,0.0412718072937787,0.210093583572046,0.00096102046382603,6.72738484727571e-05,0.0918801591856398,0.0467952466640651,6.72738484649803e-05,0.00376164538381382,6.72738484711622e-05,0.0299053061861152,0.25712971940271,0.251014979906349,0.063973925572772,6.72738484727208e-05
"AACTTCGCTTAGTCAG-1",0.0337066234988625,3.64512975334826e-05,0.0134023665125673,3.64512975335294e-05,3.64512975335282e-05,0.0733332407535764,3.645129753354e-05,0.00984728789683965,0.0007128409368495,0.023354031349381,0.0638907404413678,0.00568744840282732,3.64512975335282e-05,0.0275274621191995,0.0252025033420884,3.64512975335299e-05,0.723043844366172,3.64512975335278e-05,3.64512975335443e-05
"AACTTGCAACTTGGAC-1",6.52637890937008e-05,6.52637886412515e-05,6.52637886432916e-05,6.52637886412291e-05,6.5263788641231e-05,0.0680191422557663,0.61102162724052,6.52637886412358e-05,0.0110940970607594,0.0569725547760722,6.52637886439149e-05,0.00241724652335342,6.52637886412391e-05,6.52637886413204e-05,0.113740969244523,0.0927587186934778,0.0432577425300169,6.52637886412345e-05,6.52637886412616e-05
"AACTTGCTCGTAACCG-1",0.00545191694162312,3.39458651158634e-05,0.00467513849852603,3.39458651158206e-05,3.39458651158642e-05,0.00132547312547513,0.294137983244799,3.39458651111034e-05,0.00222059703495695,0.0087731903840093,3.3945865114546e-05,0.000919629726895113,3.39458651158557e-05,3.39458651162961e-05,0.0088424907793576,0.57557914249386,0.0653816715710548,0.0324211992785217,3.39458651158908e-05
"AACTTGGTTAATACTA-1",0.000702171058621569,4.53471278944066e-05,4.53471278944026e-05,4.53471278527786e-05,4.53471278944035e-05,0.0528948744924177,0.650972703688138,0.00302183375638207,0.00107132535415035,0.0996177182377189,4.53471278944027e-05,0.00218362935076896,4.53471278943969e-05,4.5347127894402e-05,0.0581815512840088,0.0261102113849676,0.0758828380554329,0.0289983663142792,4.53471278943439e-05
"AACTTGGTTACATAAC-1",0.0306245051975667,0.144783669116301,0.0704112629428703,9.88175377439111e-05,9.88175377439096e-05,0.188635907563793,9.88175377438951e-05,0.0228875103509282,0.0739530721639421,0.0544939081012142,0.00209956213717883,0.0128496182495493,0.0100749869630843,0.00829446495591137,0.0315736580555796,9.88175377439093e-05,0.000141791336180297,0.348681995177181,9.88175377438961e-05
"AACTTGTTGACCGATA-1",4.44778042259358e-05,4.44778042259326e-05,4.44778042258947e-05,4.44778042259225e-05,0.499023291052174,0.098690063341008,0.111468093705604,0.00473115306299266,4.44778042259361e-05,0.0173659841188572,0.0132990688221879,0.00166685497414309,0.0599459967452874,0.00708333134041811,0.0171981371318751,0.0359681465811338,0.133248534494737,4.44778042259408e-05,4.44778042259216e-05
"AAGAATTCTGGCTGCA-1",0.115735547745135,0.000244984015859979,0.00666784768496913,0.000104594526223434,0.000104594526223415,0.08311878791842,0.000104594526223363,0.0337186616542583,0.0771510300728458,0.162802436660874,0.00949769318603389,0.00527996189689984,0.00727913525019147,0.00141766113949806,0.0438814955689298,0.000104594526223409,0.0870915940984713,0.365590190476497,0.000104594526223435
"AAGACAATCTCCTGCA-1",4.64583701069313e-05,4.64583700886512e-05,4.64583700897833e-05,4.64583700897835e-05,0.897038637851824,4.64583700897834e-05,8.15314854713304e-05,0.00318998904922589,4.64583700897833e-05,0.000625193439374584,4.645837005407e-05,0.00331186274963626,0.0314170314309849,4.64583700897822e-05,0.00125283686987085,4.64583700898085e-05,0.0625718750526412,4.6458370089784e-05,4.64583700931466e-05
"AAGACTAAGGAGATCC-1",0.00705138421222727,3.23376276524675e-05,0.00813769643202978,0.0762765941426893,0.0623035939537087,0.0609563190159487,3.23376276524432e-05,0.015235607417669,3.23376276524683e-05,0.0938559642323796,0.00324297781638638,0.000949771754135372,9.55485238160095e-05,0.00227000884336261,0.0482697113475267,3.23376276524522e-05,0.621160796542206,3.23376276524864e-05,3.23376276524613e-05
"AAGACTCAAGGCTCCA-1",2.25562802968611e-05,0.00734386156328055,2.25562802966459e-05,0.000123850856997877,2.255628029665e-05,0.100290971769692,2.25562802966426e-05,0.00182658458949166,2.25562802966449e-05,3.35464900495494e-05,0.0494541412458464,2.25562802966452e-05,2.69241383070322e-05,0.0019856277014395,0.0407937650465359,2.27387933960975e-05,0.79791753756259,2.25562802966464e-05,2.2556280296646e-05
