,B Cells,CD4+ T Cells,CD8+ T Cells,DCIS 1,DCIS 2,Endothelial,Invasive Tumor,IRF7+ DCs,LAMP3+ DCs,Macrophages 1,Macrophages 2,Mast Cells,Myoepi ACTA2+,Myoepi KRT15+,Perivascular-Like,Prolif Invasive Tumor,Stromal,Stromal & T Cell Hybrid,T Cell & Tumor Hybrid
AACACCTACTATCGAA-1,0.001934961,3.35E-05,0.003372731,3.35E-05,3.35E-05,0.157108534,3.35E-05,0.010393136,3.35E-05,3.48E-05,0.065824699,0.015364264,3.96E-05,0.004526817,0.011317782,3.35E-05,0.729814828,3.35E-05,3.35E-05
AACACGTGCATCGCAC-1,0.027609384,9.73E-05,3.31E-05,3.31E-05,0.048623915,0.05098429,3.31E-05,0.009465897,0.000261625,9.77E-05,0.077319745,0.00825338,0.015024893,3.82E-05,0.007494134,3.31E-05,0.652654834,0.10190916,3.31E-05
AACACTTGGCAAGGAA-1,4.38E-05,4.38E-05,0.021562279,0.000214377,4.38E-05,0.13887818,4.38E-05,0.007507556,0.008898011,0.058336132,4.38E-05,4.38E-05,0.365188849,0.113729906,0.032903976,4.38E-05,0.252386439,4.38E-05,4.38E-05
AACAGGAAGAGCATAG-1,3.20E-05,0.062151051,0.025058684,0.005514153,0.027619331,0.122086366,3.20E-05,0.022609698,0.009947067,0.115427058,0.03284994,0.006227118,0.059236916,3.39E-05,0.032604437,3.20E-05,0.427252302,0.051253744,3.20E-05
AACAGGATTCATAGTT-1,2.20E-05,0.004406201,2.20E-05,0.017098807,0.001248669,0.109068604,0.039070113,0.005456528,0.003165345,0.020196232,0.043742876,0.002290109,0.000273544,2.20E-05,6.33E-05,0.087873252,0.665936233,2.20E-05,2.20E-05
AACAGGCCAACGATTA-1,2.19E-05,2.19E-05,2.19E-05,2.19E-05,4.41E-05,0.113796732,2.19E-05,0.003433793,2.19E-05,0.003219778,0.103838625,0.002534029,4.09E-05,6.69E-05,0.046121568,2.19E-05,0.726706336,2.19E-05,2.19E-05
AACAGGTTATTGCACC-1,0.040895286,5.17E-05,0.029505089,5.17E-05,5.17E-05,5.17E-05,5.17E-05,0.00091895,0.006833098,5.17E-05,0.167992184,0.0033735,5.17E-05,5.17E-05,7.90E-05,5.17E-05,0.746765784,0.003119842,5.17E-05
AACAGGTTCACCGAAG-1,6.68E-05,6.68E-05,6.68E-05,6.68E-05,6.68E-05,0.07401766,0.657890296,0.013455532,0.002833736,0.020324985,0.011784026,0.005525961,6.68E-05,0.006593152,6.68E-05,0.056489898,0.15048368,6.68E-05,6.68E-05
AACAGTCAGGCTCCGC-1,4.73E-05,4.73E-05,4.73E-05,4.73E-05,4.73E-05,0.014859621,0.481244392,4.73E-05,4.73E-05,0.025510309,4.73E-05,4.73E-05,4.73E-05,4.73E-05,0.020427503,0.439744734,0.017599168,4.73E-05,4.73E-05
AACAGTCCACGCGGTG-1,6.89E-05,6.89E-05,6.89E-05,0.091752536,6.89E-05,0.063148356,0.000254312,6.89E-05,0.003412917,0.069969847,0.04017469,0.001677124,0.019494322,6.89E-05,0.043246859,0.255050067,0.307319258,6.89E-05,0.104017534
AACAGTCGTGTCGCGG-1,3.33E-05,3.33E-05,3.33E-05,0.049130188,0.027076379,0.149388111,3.33E-05,3.33E-05,3.33E-05,0.068765831,0.097968093,3.33E-05,3.33E-05,0.008640839,0.056837985,3.33E-05,0.541826334,3.33E-05,3.33E-05
AACATACTCATATGCG-1,0.006663298,4.53E-05,3.31E-05,6.58E-05,3.31E-05,0.012582657,3.31E-05,0.01873609,0.001947349,0.035640778,0.115690693,3.31E-05,0.018288819,0.034303258,0.013717094,3.31E-05,0.62396165,0.118158635,3.31E-05
AACATAGTCTATCTAC-1,0.003247937,4.60E-05,0.007422033,0.181238433,0.095704963,0.064914762,4.60E-05,0.016848697,4.60E-05,0.088593178,0.022129562,4.60E-05,0.024906088,4.60E-05,0.006604445,0.000169256,0.470189647,0.017754787,4.60E-05
AACATATTCTTGCGAA-1,3.20E-05,3.20E-05,3.20E-05,0.041779115,0.058084593,0.054121331,0.080862845,3.20E-05,3.20E-05,0.128292628,0.080514492,0.001883705,0.026445565,3.83E-05,0.028604957,0.02172507,0.477423585,3.20E-05,3.20E-05
AACATCGCGTGACCAC-1,0.000337401,3.14E-05,3.14E-05,0.072620531,0.030298377,0.059603712,0.149964055,3.14E-05,3.14E-05,0.109107264,0.032553909,3.14E-05,0.006922163,0.023077047,0.023274817,0.01506933,0.476951917,3.14E-05,3.14E-05
AACATCTAATGACCGG-1,3.26E-05,3.26E-05,3.26E-05,3.26E-05,0.969690552,3.26E-05,3.26E-05,3.26E-05,3.26E-05,3.26E-05,3.26E-05,0.000881501,3.26E-05,0.02890677,3.26E-05,3.26E-05,3.26E-05,3.26E-05,3.26E-05
AACATCTTAAGGCTCA-1,4.93E-05,4.93E-05,4.93E-05,4.93E-05,4.93E-05,0.000130268,0.66648347,0.001604961,0.000272209,4.93E-05,4.93E-05,0.000499457,4.93E-05,4.93E-05,0.010146661,0.308467947,0.011852669,4.93E-05,4.93E-05
AACATGACGCAGCGTG-1,3.24E-05,3.24E-05,3.24E-05,3.24E-05,0.000152234,0.399931069,3.24E-05,3.24E-05,3.24E-05,3.24E-05,0.034128037,3.24E-05,7.20E-05,8.09E-05,7.05E-05,3.24E-05,0.565176092,3.24E-05,3.24E-05
AACATGACTTGGCTGC-1,2.28E-05,2.28E-05,2.28E-05,2.28E-05,0.075121568,0.053152658,0.000128409,2.28E-05,2.28E-05,2.28E-05,0.045571437,0.058909572,2.92E-05,2.39E-05,0.008456903,2.28E-05,0.758378761,2.28E-05,2.28E-05
AACATGCGCAAGTGAG-1,3.22E-05,3.22E-05,3.22E-05,3.22E-05,6.04E-05,0.25336002,3.22E-05,0.004380716,3.22E-05,0.02070685,0.048879898,0.003813446,5.82E-05,0.013435522,0.002457398,3.22E-05,0.635136402,0.017453712,3.22E-05
AACCAAGCGTGGCCTC-1,0.030512153,0.202007857,0.209122404,6.33E-05,6.33E-05,0.0115198,6.33E-05,0.054737613,0.131637862,0.184908382,0.002284394,0.002061775,6.33E-05,0.007192896,0.010611922,6.33E-05,6.33E-05,0.152959592,6.33E-05
AACCAAGGTATCAGGC-1,6.66E-05,6.66E-05,6.66E-05,0.109912737,0.028344129,0.0513164,0.120489039,6.66E-05,6.66E-05,0.028672543,0.048896107,0.001202855,6.66E-05,0.013883143,0.104243371,0.172066955,0.320440235,6.66E-05,6.66E-05
AACCAATCTGGTTGGC-1,0.099859366,0.047325942,0.01294793,0.091645386,0.041647328,0.084624171,5.18E-05,5.18E-05,5.18E-05,0.110272326,0.04987995,0.000691652,5.18E-05,5.18E-05,0.045019651,0.003466685,0.364794436,0.047514282,5.18E-05
AACCACTAACATGATT-1,0.004997381,4.68E-05,0.015084564,0.757057076,5.51E-05,0.006461489,4.68E-05,4.68E-05,0.002876845,0.083081472,4.68E-05,4.68E-05,0.076267042,4.68E-05,0.007979778,0.000278351,0.045486065,4.68E-05,4.68E-05
AACCACTGCCATAGCC-1,3.13E-05,3.13E-05,3.13E-05,0.07400716,3.13E-05,3.13E-05,3.13E-05,0.001816699,0.004000025,3.13E-05,3.13E-05,0.000377176,0.245434857,0.611264995,3.13E-05,3.13E-05,0.062723321,3.13E-05,3.13E-05
AACCAGAATCAGACGT-1,0.016497466,3.25E-05,0.009759002,3.25E-05,0.078081889,0.06825038,3.25E-05,3.25E-05,3.25E-05,0.097360522,0.073153748,0.006276599,3.25E-05,0.057159403,4.70E-05,3.25E-05,0.59312111,3.25E-05,3.25E-05
AACCATAGAATTCGAA-1,0.020405737,3.24E-05,0.016428683,3.24E-05,3.24E-05,0.163634627,3.24E-05,0.029027103,0.004324824,3.24E-05,0.109831744,0.023524339,0.078602622,0.020247036,0.042904319,3.24E-05,0.490809435,3.24E-05,3.24E-05
AACCATCGGAAGCGAC-1,0.010208366,0.049783716,0.021471069,3.19E-05,0.000137377,0.136890216,3.19E-05,0.021331979,0.004685884,0.030749318,0.093438501,0.00478885,0.008508912,0.021795673,7.36E-05,3.19E-05,0.59597714,3.19E-05,3.19E-05
AACCATGAATTGCCTT-1,6.55E-05,6.55E-05,6.55E-05,0.066829762,0.475120374,0.032350377,0.000141016,6.55E-05,0.00172465,0.208285056,6.55E-05,0.002713024,0.004589399,0.040422713,0.025996205,6.68E-05,0.141302098,6.55E-05,6.55E-05
AACCGCATGTATGTTA-1,3.27E-05,3.27E-05,3.27E-05,4.83E-05,0.000137985,0.03691135,3.27E-05,0.008780863,0.005673563,3.97E-05,0.057318088,3.27E-05,3.27E-05,3.27E-05,0.010959545,3.27E-05,0.879803463,3.27E-05,3.27E-05
AACCGCCAGACTACTT-1,0.001083504,3.30E-05,3.30E-05,3.30E-05,3.30E-05,0.006337903,3.30E-05,3.30E-05,0.00301262,0.088281138,3.30E-05,0.002454817,0.05293477,0.023589689,0.033439222,3.30E-05,0.760707663,0.027861238,3.30E-05
AACCGCGGTAACTACA-1,0.058862338,0.118414077,0.037206991,6.74E-05,6.74E-05,0.080933354,6.74E-05,0.096244288,0.025801976,0.036061366,0.047774603,0.006563232,0.013470579,0.009427795,0.028080561,6.74E-05,0.18657863,0.254243191,6.74E-05
AACCGTGCTTATGTTG-1,0.013006027,9.82E-05,9.39E-05,9.39E-05,0.421000886,0.089609747,9.39E-05,0.011825023,0.001499923,0.072393772,0.004701392,0.004738598,0.081599253,0.072140755,0.040751017,9.39E-05,0.17810484,0.008061273,9.39E-05
AACCTAAGATACTGAG-1,3.19E-05,0.031473632,3.19E-05,0.044324587,0.066811748,0.108081585,0.004038635,3.19E-05,3.19E-05,0.094117264,0.052144981,3.19E-05,3.19E-05,0.074446147,0.082035926,3.19E-05,0.442238792,3.19E-05,3.19E-05
AACCTACAGAGGTAGT-1,2.24E-05,2.24E-05,2.24E-05,0.004339067,0.039421241,0.089888763,0.11253383,2.24E-05,0.001329705,0.039873387,0.024763979,2.24E-05,2.53E-05,2.35E-05,0.088126114,2.24E-05,0.599495616,2.24E-05,2.24E-05
AACCTACCTACCGGTT-1,6.60E-05,6.60E-05,0.034854627,0.33667947,6.60E-05,0.062485479,6.60E-05,6.60E-05,0.002030594,0.160929311,6.60E-05,0.006740389,0.277708928,6.60E-05,0.040087802,0.005900545,0.02813105,0.043923725,6.60E-05
AACCTACTGTAACTCA-1,3.36E-05,3.36E-05,3.36E-05,3.36E-05,3.36E-05,0.003510546,0.382099915,3.36E-05,3.36E-05,3.36E-05,3.36E-05,3.36E-05,3.36E-05,3.36E-05,0.004701342,0.609183662,3.36E-05,3.36E-05,3.36E-05
AACCTGACAGTGCCGC-1,4.85E-05,4.85E-05,4.85E-05,4.85E-05,4.85E-05,4.85E-05,0.621313211,0.001528438,4.85E-05,0.004074548,4.85E-05,4.85E-05,4.85E-05,4.85E-05,4.85E-05,0.360872455,0.011532675,4.85E-05,4.85E-05
AACCTTAGCGTCCGGT-1,3.37E-05,3.37E-05,3.37E-05,3.37E-05,0.985185177,3.37E-05,3.37E-05,3.37E-05,3.37E-05,3.37E-05,3.37E-05,3.37E-05,3.37E-05,0.014233806,3.37E-05,4.16E-05,3.37E-05,3.37E-05,3.37E-05
AACGAAGCGTGGAAGT-1,3.32E-05,3.32E-05,3.32E-05,3.32E-05,3.32E-05,0.029453231,3.32E-05,3.32E-05,3.32E-05,3.32E-05,0.083568311,0.004785633,3.32E-05,3.89E-05,0.002871058,3.32E-05,0.867634737,0.011249348,3.32E-05
AACGAATTGACCGGTT-1,0.056580868,3.57E-05,0.003713161,3.57E-05,3.57E-05,0.130548511,3.57E-05,0.02579197,3.57E-05,0.062584584,0.024850082,3.57E-05,3.57E-05,0.002595291,0.103936056,3.57E-05,0.589042246,3.57E-05,3.57E-05
AACGACATTAAGATGG-1,6.78E-05,6.78E-05,6.78E-05,6.78E-05,6.78E-05,0.12597267,0.457391393,6.78E-05,6.78E-05,0.066632394,6.78E-05,6.78E-05,6.78E-05,6.78E-05,0.137593217,0.154926896,0.056601755,6.78E-05,6.78E-05
AACGACCATTCGAATC-1,3.16E-05,3.16E-05,3.16E-05,3.16E-05,3.16E-05,0.235425268,3.51E-05,3.16E-05,3.16E-05,0.236999646,0.027928875,3.16E-05,3.16E-05,3.16E-05,0.039599897,0.081948231,0.377683233,3.16E-05,3.16E-05
AACGAGCCTCTTCGGC-1,4.63E-05,4.63E-05,4.63E-05,4.63E-05,4.63E-05,0.246242668,0.166323232,4.63E-05,4.63E-05,0.009789255,0.009678888,0.000969335,4.63E-05,4.63E-05,0.086789329,0.325035046,0.154662749,4.63E-05,4.63E-05
AACGAGCTAATAACTA-1,2.28E-05,2.28E-05,2.28E-05,2.28E-05,2.28E-05,0.205487464,2.28E-05,2.28E-05,2.28E-05,0.078236768,0.058430652,0.000468756,2.28E-05,2.28E-05,0.052815062,0.078887463,0.525400246,2.28E-05,2.28E-05
AACGCACTGGTGCTCG-1,4.75E-05,4.75E-05,0.007288347,4.75E-05,4.75E-05,0.085986126,0.728013543,4.75E-05,0.002850394,0.030322945,4.75E-05,4.75E-05,0.000205752,4.75E-05,0.014540296,0.062678448,0.057743083,0.009943273,4.75E-05
AACGCATGCCTCAATA-1,0.076752245,0.000100284,0.007125781,0.000100284,0.000100284,0.07140703,0.484659841,0.000100284,0.000100284,0.095427656,0.007117441,0.005059406,0.000100284,0.000100284,0.049872619,0.100815749,0.073151062,0.027808897,0.000100284
AACGCTTCGAGTAACT-1,0.18042799,0.000280986,0.025339308,0.000104137,0.000104137,0.054747373,0.000104137,0.085823897,0.032018766,0.0765416,0.07666691,0.020962238,0.000541947,0.012766065,0.029036995,0.000104137,0.182934032,0.221391209,0.000104137
AACGGCACAGAATATT-1,4.71E-05,4.71E-05,4.71E-05,4.71E-05,4.71E-05,0.022567374,0.375141367,0.002283176,0.003131294,0.04148431,4.71E-05,4.71E-05,4.71E-05,4.71E-05,0.017437958,0.496512462,0.008872053,0.032099258,4.71E-05
AACGGTAATCGACCTG-1,0.068758031,0.001604751,0.021218591,3.25E-05,3.25E-05,0.140527585,3.25E-05,0.018912395,0.014811979,0.080352947,0.030817219,0.001797694,0.013669358,0.022451051,0.120671962,3.25E-05,0.417127424,0.047116526,3.25E-05
AACGTCGCGACAAGGT-1,4.67E-05,4.67E-05,0.00424288,4.67E-05,4.67E-05,0.10484275,0.172821052,0.00515448,0.003477402,0.024348832,4.67E-05,0.007235053,4.67E-05,4.67E-05,0.189629948,0.391271793,0.096555198,4.67E-05,4.67E-05
AACGTGACGGTCCACC-1,3.34E-05,3.34E-05,3.34E-05,3.34E-05,3.34E-05,0.000544787,3.34E-05,3.34E-05,3.34E-05,3.68E-05,0.073897404,3.34E-05,3.34E-05,3.34E-05,0.000103206,3.34E-05,0.924949806,3.34E-05,3.34E-05
AACTAACGAACTAGAT-1,6.32E-05,0.003311583,0.017955664,0.144744554,7.46E-05,0.062693435,0.382289927,6.32E-05,0.00555503,0.102371833,0.013116213,6.32E-05,6.32E-05,0.011326803,0.004224905,6.87E-05,0.251887633,6.32E-05,6.32E-05
AACTAGCACTGTTCGA-1,0.051816658,6.51E-05,6.51E-05,6.51E-05,6.51E-05,0.098599869,6.51E-05,0.031233653,0.040509509,0.101721622,0.032757976,6.51E-05,0.054561118,0.014217781,0.068305312,6.51E-05,0.213487682,0.292267826,6.51E-05
AACTAGCATCACGTAC-1,3.21E-05,3.21E-05,0.00555875,0.108737886,0.075755262,0.03833601,3.21E-05,0.003524072,0.006695941,4.72E-05,0.052028945,3.21E-05,0.014825117,0.025540296,0.044570075,3.21E-05,0.624155698,3.21E-05,3.21E-05
AACTAGCCTAATAGCA-1,6.60E-05,6.60E-05,0.012969937,6.60E-05,6.60E-05,0.075789259,0.452572774,6.60E-05,0.018434745,0.114727386,6.60E-05,0.000584599,6.60E-05,6.60E-05,0.010523318,0.250259085,0.042125496,0.021419658,6.60E-05
AACTAGCCTTGCAATA-1,0.129321602,0.000119219,0.006388515,0.000119219,0.000119219,0.030186026,0.000119219,0.063282616,0.017695496,0.033989948,0.109933029,0.008568292,0.000119219,0.000868268,0.007873894,0.000119219,0.298421446,0.292636332,0.000119219
AACTAGCGCTCCAGTT-1,4.53E-05,4.53E-05,4.53E-05,4.53E-05,0.932711592,4.53E-05,4.53E-05,4.53E-05,4.53E-05,4.53E-05,4.53E-05,4.53E-05,4.53E-05,0.066513373,4.53E-05,5.03E-05,4.53E-05,4.53E-05,4.53E-05
AACTAGGCCTGACACC-1,2.20E-05,2.20E-05,2.20E-05,0.049153383,0.063694857,0.129629594,5.90E-05,2.20E-05,2.20E-05,0.020255832,0.086748748,2.20E-05,2.20E-05,0.009643385,0.05489625,0.057128183,0.528592671,2.20E-05,2.20E-05
AACTATCGTCATAGTC-1,0.034971735,0.00215567,0.011742738,0.000106216,0.319368962,0.094540333,0.000106216,0.010020252,0.000106216,0.041658405,0.043868249,0.01357383,0.038238274,0.071446352,0.010788544,0.000106216,0.306989362,0.000106216,0.000106216
AACTATCTAGCAGTAT-1,0.112353568,0.016780311,0.033684112,0.000149914,0.000149914,0.082699496,0.000149914,0.038468322,0.049321245,0.148516652,0.002781394,0.000149914,0.000149914,0.000149914,0.090835307,0.249056005,0.023652427,0.150801764,0.000149914
AACTATGCTGCATTCG-1,4.47E-05,4.47E-05,4.47E-05,4.47E-05,0.606561233,0.003080691,4.47E-05,4.47E-05,0.000426736,4.47E-05,4.47E-05,0.003605865,0.080034631,0.238814112,0.00748745,4.47E-05,0.059497595,4.47E-05,4.47E-05
AACTATGTGCTTGTTA-1,3.25E-05,3.25E-05,3.25E-05,0.117763403,0.032180909,0.129038132,3.25E-05,3.25E-05,3.25E-05,0.029665079,0.044368276,3.25E-05,0.038720536,3.25E-05,0.087870583,3.25E-05,0.52003513,3.25E-05,3.25E-05
AACTATTCTGCGGCCT-1,2.18E-05,2.18E-05,2.18E-05,0.057290503,2.18E-05,0.089830053,0.077889862,2.18E-05,2.18E-05,0.032621114,0.049593048,2.18E-05,2.49E-05,2.18E-05,0.020242106,0.030562197,0.641728551,2.18E-05,2.18E-05
AACTATTGGCGGATTC-1,0.033804033,0.000115285,6.78E-05,6.78E-05,6.78E-05,0.252713505,0.025414814,0.031937665,0.00342148,0.089229893,0.023486198,0.006750046,6.78E-05,6.78E-05,0.056753302,0.157217193,0.199402882,0.119347179,6.78E-05
AACTCAACCTTGACCA-1,0.008250315,0.037799555,0.018831329,3.51E-05,3.51E-05,0.084692935,3.51E-05,0.010283429,0.003777148,0.000167024,0.192136542,0.005176099,3.51E-05,3.51E-05,5.58E-05,3.51E-05,0.621657173,0.01692705,3.51E-05
AACTCAACTTGACAGC-1,0.010470215,2.25E-05,0.055174737,2.25E-05,0.00581178,0.056664423,0.106490996,2.25E-05,2.25E-05,0.028233911,0.083934374,2.25E-05,2.25E-05,2.25E-05,4.34E-05,0.003147477,0.649826385,2.25E-05,2.25E-05
AACTCACCGAACTTAT-1,2.31E-05,2.91E-05,2.31E-05,2.31E-05,2.35E-05,0.034516749,4.59E-05,2.31E-05,2.31E-05,0.022492875,0.152775146,0.075854528,2.31E-05,3.99E-05,2.52E-05,2.31E-05,0.681747958,0.022222802,0.010064905
AACTCACCTCGGTGTT-1,3.17E-05,3.17E-05,0.01807271,0.134460864,3.55E-05,0.008960104,3.17E-05,0.001447746,0.002057916,3.79E-05,3.17E-05,3.17E-05,0.190496558,0.008272974,0.029815545,3.17E-05,0.562215222,0.043905278,3.17E-05
AACTCACGGAGTACGT-1,0.069685148,0.116635899,0.009536336,9.89E-05,9.89E-05,0.097489524,9.89E-05,0.076198373,0.055117045,0.049687791,0.101982666,0.026707995,9.89E-05,0.011984954,0.037928941,9.89E-05,0.057466901,0.288984783,9.89E-05
AACTCAGATCCATGCC-1,6.61E-05,6.61E-05,0.000173824,6.61E-05,6.61E-05,0.07237663,0.43207328,0.001746682,6.61E-05,0.096165239,6.61E-05,7.85E-05,6.61E-05,6.61E-05,0.04248862,0.298911422,0.055325232,6.61E-05,6.61E-05
AACTGCAACGTCCTGG-1,2.29E-05,0.00095439,2.29E-05,2.29E-05,0.030180975,0.116890129,0.085848418,2.29E-05,2.29E-05,0.001916154,0.115177758,2.29E-05,2.29E-05,0.028326735,0.033709739,2.29E-05,0.586766604,2.29E-05,2.29E-05
AACTGCAATACGGATT-1,4.76E-05,4.76E-05,0.003396011,4.76E-05,4.76E-05,4.76E-05,0.513957759,4.76E-05,0.000964079,0.004036432,4.76E-05,0.001300202,4.76E-05,4.76E-05,4.76E-05,0.454625828,0.021148035,4.76E-05,4.76E-05
AACTGCCGGAGTAACA-1,0.001899795,3.64E-05,3.64E-05,0.000101666,6.61E-05,0.156324041,3.64E-05,0.010936109,3.64E-05,3.64E-05,0.021187751,0.005629569,3.64E-05,0.008800459,0.008970534,3.64E-05,0.785756176,3.64E-05,3.64E-05
AACTGCCTCGATAGGT-1,3.53E-05,3.53E-05,3.53E-05,3.53E-05,3.53E-05,0.138045587,3.53E-05,0.007277396,0.018521431,0.00383981,0.046152356,3.53E-05,3.53E-05,3.53E-05,5.80E-05,3.53E-05,0.779768778,0.005948387,3.53E-05
AACTGCGAACCTTACC-1,1.63E-05,1.63E-05,1.63E-05,1.63E-05,1.63E-05,0.113534146,0.058299981,1.63E-05,1.63E-05,0.00704714,1.63E-05,1.63E-05,1.63E-05,1.63E-05,0.027632015,0.77587142,0.017403631,1.63E-05,1.63E-05
AACTGCGATCGACTAA-1,3.37E-05,3.37E-05,3.37E-05,0.067964936,0.022814879,0.0543953,0.05017627,0.000982153,3.37E-05,0.099188674,0.097260733,3.37E-05,0.007673431,3.37E-05,0.031847348,0.056914107,0.510512671,3.37E-05,3.37E-05
AACTGCGATGAATAGG-1,4.57E-05,4.57E-05,4.57E-05,4.57E-05,0.903533951,0.009274062,5.18E-05,4.57E-05,4.57E-05,4.57E-05,4.57E-05,4.57E-05,0.024776807,0.009725232,0.010163843,4.57E-05,0.041925458,4.57E-05,4.57E-05
AACTGCGGTCCGAAGC-1,6.64E-05,6.64E-05,0.002286208,6.64E-05,6.64E-05,0.275812244,0.236584939,6.64E-05,0.005422562,0.080191368,6.64E-05,6.64E-05,6.64E-05,6.64E-05,0.084480738,0.22202738,0.092464505,6.64E-05,6.64E-05
AACTGCTACCTCGATA-1,3.14E-05,3.14E-05,3.14E-05,0.033381376,0.080130914,0.138708468,0.000184833,0.005075316,3.14E-05,0.078981134,0.043241394,3.14E-05,3.14E-05,3.98E-05,0.06502028,3.14E-05,0.538152184,3.14E-05,0.016833243
AACTGGATACTTCACT-1,4.60E-05,0.002110986,0.035262212,0.060242772,0.122923226,0.097037538,4.60E-05,0.002731479,4.60E-05,0.146507844,0.032759443,0.00754906,0.022218682,0.00381285,0.026925446,4.60E-05,0.430522049,0.009166512,4.60E-05
AACTGGTCATGTGGTT-1,4.71E-05,4.71E-05,4.71E-05,4.71E-05,4.71E-05,0.013355044,0.531676032,0.001104538,4.71E-05,0.012446833,4.71E-05,4.71E-05,4.71E-05,4.71E-05,4.71E-05,0.405863459,0.027960006,0.0070285,4.71E-05
AACTTAACAGTGAGGA-1,0.033781417,3.32E-05,0.033696525,0.041249628,3.32E-05,0.086784309,3.32E-05,0.014407752,3.32E-05,0.062513668,0.050332176,3.32E-05,0.109055457,3.32E-05,0.075854067,3.32E-05,0.433674467,0.058384552,3.32E-05
AACTTATGATACGTAC-1,0.003816549,3.46E-05,0.013676221,4.08E-05,0.00014665,0.051097321,3.46E-05,3.46E-05,0.003205063,0.006196442,0.018903729,0.000222682,0.009509606,3.46E-05,5.29E-05,3.66E-05,0.892887528,3.46E-05,3.46E-05
AACTTCAAGGATAATC-1,0.035439442,0.000295606,0.002232681,6.80E-05,6.80E-05,0.210754571,6.80E-05,0.018059962,0.015402734,0.088620887,0.076396218,0.018688957,6.80E-05,6.80E-05,0.269309998,6.80E-05,0.11128613,0.153037076,6.80E-05
AACTTCACAATAACTG-1,4.89E-05,4.89E-05,4.89E-05,4.89E-05,4.89E-05,0.002234453,0.729339841,4.89E-05,0.000348438,0.001110733,4.89E-05,4.89E-05,4.89E-05,4.89E-05,0.00672915,0.226836299,0.032814657,4.89E-05,4.89E-05
AACTTCAGATACTACC-1,2.34E-05,2.34E-05,2.34E-05,0.067197386,0.049856877,0.132780634,2.34E-05,0.006065693,2.34E-05,0.020574264,0.070022131,0.003436433,0.005427015,2.34E-05,0.063221682,2.34E-05,0.581206894,2.34E-05,2.34E-05
AACTTCAGCATGGCCG-1,0.005967563,0.000137427,3.30E-05,3.30E-05,0.097965264,0.039183253,0.025752917,3.30E-05,0.010611179,0.08934762,0.048493578,0.016806867,0.003409513,0.004674146,0.037147508,3.30E-05,0.524475676,0.095862579,3.30E-05
AACTTCATCTTCTGGT-1,0.002674416,6.73E-05,6.73E-05,6.73E-05,6.73E-05,0.041271807,0.210093584,0.00096102,6.73E-05,0.091880159,0.046795247,6.73E-05,0.003761645,6.73E-05,0.029905306,0.257129719,0.25101498,0.063973926,6.73E-05
AACTTCGCTTAGTCAG-1,0.033706623,3.65E-05,0.013402367,3.65E-05,3.65E-05,0.073333241,3.65E-05,0.009847288,0.000712841,0.023354031,0.06389074,0.005687448,3.65E-05,0.027527462,0.025202503,3.65E-05,0.723043844,3.65E-05,3.65E-05
AACTTGCAACTTGGAC-1,6.53E-05,6.53E-05,6.53E-05,6.53E-05,6.53E-05,0.068019142,0.611021627,6.53E-05,0.011094097,0.056972555,6.53E-05,0.002417247,6.53E-05,6.53E-05,0.113740969,0.092758719,0.043257743,6.53E-05,6.53E-05
AACTTGCTCGTAACCG-1,0.005451917,3.39E-05,0.004675138,3.39E-05,3.39E-05,0.001325473,0.294137983,3.39E-05,0.002220597,0.00877319,3.39E-05,0.00091963,3.39E-05,3.39E-05,0.008842491,0.575579142,0.065381672,0.032421199,3.39E-05
AACTTGGTTAATACTA-1,0.000702171,4.53E-05,4.53E-05,4.53E-05,4.53E-05,0.052894874,0.650972704,0.003021834,0.001071325,0.099617718,4.53E-05,0.002183629,4.53E-05,4.53E-05,0.058181551,0.026110211,0.075882838,0.028998366,4.53E-05
AACTTGGTTACATAAC-1,0.030624505,0.144783669,0.070411263,9.88E-05,9.88E-05,0.188635908,9.88E-05,0.02288751,0.073953072,0.054493908,0.002099562,0.012849618,0.010074987,0.008294465,0.031573658,9.88E-05,0.000141791,0.348681995,9.88E-05
AACTTGTTGACCGATA-1,4.45E-05,4.45E-05,4.45E-05,4.45E-05,0.499023291,0.098690063,0.111468094,0.004731153,4.45E-05,0.017365984,0.013299069,0.001666855,0.059945997,0.007083331,0.017198137,0.035968147,0.133248534,4.45E-05,4.45E-05
AAGAATTCTGGCTGCA-1,0.115735548,0.000244984,0.006667848,0.000104595,0.000104595,0.083118788,0.000104595,0.033718662,0.07715103,0.162802437,0.009497693,0.005279962,0.007279135,0.001417661,0.043881496,0.000104595,0.087091594,0.36559019,0.000104595
AAGACAATCTCCTGCA-1,4.65E-05,4.65E-05,4.65E-05,4.65E-05,0.897038638,4.65E-05,8.15E-05,0.003189989,4.65E-05,0.000625193,4.65E-05,0.003311863,0.031417031,4.65E-05,0.001252837,4.65E-05,0.062571875,4.65E-05,4.65E-05
AAGACTAAGGAGATCC-1,0.007051384,3.23E-05,0.008137696,0.076276594,0.062303594,0.060956319,3.23E-05,0.015235607,3.23E-05,0.093855964,0.003242978,0.000949772,9.55E-05,0.002270009,0.048269711,3.23E-05,0.621160797,3.23E-05,3.23E-05
AAGACTCAAGGCTCCA-1,2.26E-05,0.007343862,2.26E-05,0.000123851,2.26E-05,0.100290972,2.26E-05,0.001826585,2.26E-05,3.35E-05,0.049454141,2.26E-05,2.69E-05,0.001985628,0.040793765,2.27E-05,0.797917538,2.26E-05,2.26E-05
AAGACTGCTACTTCCT-1,2.20E-05,2.20E-05,2.20E-05,2.20E-05,0.023919626,0.056393895,2.20E-05,2.20E-05,2.20E-05,0.010973215,0.028466635,0.000694298,2.53E-05,0.018491328,0.120414894,2.20E-05,0.740401066,2.20E-05,2.20E-05
AAGACTGTCATAGTGC-1,3.43E-05,3.43E-05,0.00075591,3.43E-05,3.43E-05,0.025106563,3.43E-05,3.43E-05,3.43E-05,0.034899168,0.018598613,0.002216623,3.43E-05,3.43E-05,0.003798265,3.43E-05,0.888864866,0.025382294,3.43E-05
AAGAGCAGATGTGCCA-1,0.003928561,4.52E-05,0.126067636,4.52E-05,4.52E-05,4.52E-05,4.52E-05,0.015582517,0.029686698,0.113972675,4.52E-05,0.00533373,0.067342708,0.026180474,0.001177264,4.52E-05,0.388455822,0.221910171,4.52E-05
AAGATACAGGCGAACG-1,3.32E-05,3.32E-05,3.32E-05,3.32E-05,4.15E-05,8.27E-05,3.32E-05,0.002620879,0.000453946,0.000179397,0.044000025,0.009743635,3.32E-05,4.57E-05,4.70E-05,3.32E-05,0.942486649,3.32E-05,3.32E-05
AAGATAGGCTTGCTTA-1,0.072367458,0.302244506,0.079052248,9.99E-05,9.99E-05,0.063546633,9.99E-05,0.045543899,0.055496476,0.092483597,0.060068748,0.0174382,9.99E-05,9.99E-05,0.020420023,9.99E-05,0.110516279,0.08012295,9.99E-05
AAGATAGTCGACCTTG-1,0.027606595,0.000128207,2.19E-05,0.017204239,0.007150642,0.066934648,2.19E-05,0.012744206,2.19E-05,0.009989383,0.09793415,0.02162677,0.068007533,0.022604935,0.003972771,2.19E-05,0.553834335,0.090152186,2.19E-05
AAGATATTGGACGTCC-1,0.009952813,4.71E-05,0.013785685,4.71E-05,4.71E-05,4.71E-05,4.71E-05,0.007871187,0.055852331,0.101538046,4.71E-05,0.013423791,0.042109229,0.733671701,0.00313371,4.71E-05,0.018237582,4.71E-05,4.71E-05
AAGATCTGTAACTTGT-1,9.35E-05,9.35E-05,0.014172023,0.137303978,0.036267215,0.064263012,0.184445699,0.004730174,0.000926621,0.028927642,0.054403305,9.35E-05,0.04410415,9.35E-05,0.043516475,0.086692036,0.285786528,9.35E-05,0.013993413
AAGATGAAGGTCATCG-1,1.56E-05,1.56E-05,1.56E-05,1.56E-05,0.052859131,0.144385475,0.000131756,1.56E-05,0.000728904,1.56E-05,0.035633628,0.00235274,2.54E-05,1.56E-05,0.03643131,1.56E-05,0.727295283,1.56E-05,1.56E-05
AAGATGCACTATACTT-1,6.51E-05,0.000524662,6.51E-05,6.51E-05,6.51E-05,0.03071318,0.427671697,6.51E-05,0.056241107,0.061421735,0.006367982,0.005652779,6.51E-05,6.51E-05,0.012508236,0.193486793,0.031543897,0.173346962,6.51E-05
AAGATGGCCGCTAGTT-1,3.27E-05,3.27E-05,3.27E-05,3.27E-05,3.27E-05,0.112261507,3.27E-05,0.000810956,3.27E-05,0.029434123,0.113620594,0.005597628,3.27E-05,0.012360293,0.039495652,3.27E-05,0.686059629,3.27E-05,3.27E-05
AAGATTAGGCTGTCTA-1,4.75E-05,4.75E-05,4.75E-05,4.75E-05,4.75E-05,0.010255185,0.634225088,0.001469129,0.000767547,4.75E-05,4.75E-05,4.75E-05,4.75E-05,4.75E-05,0.008081726,0.343942324,0.00068909,4.75E-05,4.75E-05
AAGATTATCTAGCATA-1,3.22E-05,0.023728404,3.22E-05,3.22E-05,3.22E-05,0.262467297,3.22E-05,3.22E-05,3.22E-05,3.22E-05,0.074331801,3.22E-05,3.67E-05,3.57E-05,0.00010593,3.22E-05,0.638907459,3.22E-05,3.22E-05
AAGATTCTGGTCGCGA-1,4.36E-05,4.36E-05,4.36E-05,0.73451894,4.36E-05,0.031074346,0.000216002,4.36E-05,4.36E-05,0.046610372,4.36E-05,4.36E-05,0.124067185,4.36E-05,0.016373446,4.36E-05,0.046616305,4.36E-05,4.36E-05
AAGATTGACACTCGAT-1,0.141606272,0.000126658,0.004148305,0.000118985,0.000118985,0.148605233,0.000118985,0.032299422,0.011557198,0.027655446,0.090252342,0.001624859,0.000118985,0.030534475,0.049618853,0.000118985,0.351567485,0.109689539,0.000118985
AAGCAAGAGCGTGATC-1,4.77E-05,4.77E-05,0.000672947,4.77E-05,4.77E-05,0.010866913,0.648381585,0.003145399,4.77E-05,0.002978575,4.77E-05,0.002252897,4.77E-05,4.77E-05,0.055939092,0.163451699,0.111833977,4.77E-05,4.77E-05
AAGCACTCAGGAATGT-1,0.026123455,0.000100989,0.000100989,0.13000521,0.000100989,0.013778309,0.217312927,0.000100989,0.000100989,0.070445739,0.000100989,0.008343014,0.069720247,0.000100989,0.004850511,0.312655691,0.141493703,0.00446328,0.000100989
AAGCAGCCTACTAAGC-1,0.222173386,0.000199229,0.000205517,0.000139014,0.000139014,0.000139014,0.000139014,0.038568126,0.033480988,0.073976614,0.132833137,0.005064296,0.000139014,0.000139014,0.000139014,0.000139014,0.000139014,0.492108567,0.000139014
AAGCAGCGGACACGTG-1,0.07849066,8.32E-05,0.086430203,8.32E-05,8.32E-05,0.024549762,8.32E-05,0.015996722,0.004209341,0.028747377,0.086889962,0.015116472,8.32E-05,0.006134679,0.016609938,8.32E-05,0.526507016,0.109735235,8.32E-05
AAGCAGTATCAGAATC-1,4.90E-05,4.90E-05,0.000349742,4.90E-05,4.90E-05,0.003165151,0.577168726,0.000627705,4.90E-05,4.90E-05,4.90E-05,0.000417162,4.90E-05,4.90E-05,4.90E-05,0.415103563,0.002580475,4.90E-05,4.90E-05
AAGCAGTGAGTGCGAC-1,3.46E-05,3.46E-05,3.46E-05,0.05788948,0.034641712,0.02310717,0.055450095,3.46E-05,3.46E-05,0.05632031,0.005032928,0.000848482,0.011021418,0.017636152,0.002052004,3.46E-05,0.735723532,3.46E-05,3.46E-05
AAGCAGTGGCATCACT-1,0.015147842,0.011451614,0.032578184,3.09E-05,0.061686172,0.051311824,3.09E-05,0.01192146,0.001484906,0.190934539,0.045802637,0.008429482,3.09E-05,0.039304916,0.053831861,3.09E-05,0.475929147,3.09E-05,3.09E-05
AAGCAGTGGCTCATCC-1,0.202149291,0.223027387,9.66E-05,9.66E-05,9.66E-05,0.02570765,9.66E-05,0.057630236,0.104633104,0.089828392,0.036347877,0.006138023,0.002197471,0.017139497,0.012511007,9.66E-05,9.66E-05,0.222014014,9.66E-05
AAGCAGTGTACACCGC-1,4.54E-05,4.54E-05,4.54E-05,4.54E-05,0.939236698,4.54E-05,4.54E-05,4.54E-05,0.002837168,0.004667708,4.54E-05,4.54E-05,4.54E-05,0.052577802,4.54E-05,4.54E-05,4.54E-05,4.54E-05,4.54E-05
AAGCAGTGTAGAATCT-1,2.29E-05,2.29E-05,2.29E-05,2.29E-05,2.29E-05,0.063896081,2.29E-05,0.008056396,0.00395426,0.02659258,0.110387473,0.004783581,6.29E-05,2.69E-05,0.026660138,0.046077647,0.638879168,0.070462473,2.29E-05
AAGCATCAAGCGTGAT-1,3.23E-05,3.23E-05,3.23E-05,0.039141702,0.103698227,0.034124341,3.23E-05,3.23E-05,3.23E-05,0.063248902,0.014579573,3.23E-05,3.93E-05,0.041573671,0.024546503,3.23E-05,0.678724349,3.23E-05,3.23E-05
AAGCATTGAGTGGTTG-1,6.56E-05,6.56E-05,6.56E-05,6.56E-05,6.56E-05,0.207625664,0.598225771,6.56E-05,6.56E-05,0.002820782,6.56E-05,0.002154769,6.56E-05,6.56E-05,0.031662352,0.094722338,0.062001635,6.56E-05,6.56E-05
AAGCCACCATTCAAGA-1,3.34E-05,3.34E-05,0.042589773,0.02687012,0.007741545,0.006063568,3.34E-05,3.34E-05,0.007999786,0.092826283,0.071047646,0.008841685,5.22E-05,0.007750517,0.009711824,3.34E-05,0.718271141,3.34E-05,3.34E-05
AAGCCACGCATAATGA-1,0.044762358,9.55E-05,9.55E-05,0.50955792,9.55E-05,0.045524399,9.55E-05,0.012601123,0.005325608,0.080530835,9.55E-05,9.55E-05,0.063798762,9.55E-05,0.013798973,9.55E-05,0.083295689,0.139945008,9.55E-05
AAGCCACTATGTCTAA-1,3.25E-05,0.003396559,0.023207148,3.25E-05,3.25E-05,0.081418246,0.042628681,0.00532504,0.006035601,0.051466923,0.0066677,0.001939308,3.25E-05,3.25E-05,0.044828367,0.321005404,0.411853427,3.25E-05,3.25E-05
AAGCCAGATATCAGAA-1,2.19E-05,0.002484624,2.19E-05,2.19E-05,0.03385078,0.193817171,2.19E-05,0.019086543,0.001695282,0.059443469,0.051748692,2.19E-05,0.019448536,2.19E-05,0.078173336,2.21E-05,0.540054343,2.19E-05,2.19E-05
AAGCCAGATCCAACAT-1,3.40E-05,3.40E-05,3.40E-05,3.40E-05,0.124302998,0.093330904,0.003761648,3.40E-05,3.40E-05,3.40E-05,0.127524908,3.40E-05,4.49E-05,3.88E-05,0.067806576,0.032757641,0.550091463,3.40E-05,3.40E-05
AAGCCAGGCCGACGTG-1,3.42E-05,3.42E-05,3.42E-05,3.42E-05,3.42E-05,0.018270094,3.42E-05,0.010825804,0.000406699,0.03302351,0.065491545,3.42E-05,3.42E-05,3.42E-05,6.73E-05,3.42E-05,0.858459804,0.013079328,3.42E-05
AAGCCAGGCTGCTTGA-1,4.49E-05,4.49E-05,0.012174481,4.49E-05,0.644182505,4.49E-05,4.49E-05,0.000943723,0.007267103,0.009359871,4.49E-05,4.49E-05,5.68E-05,0.323530042,0.001991344,4.49E-05,4.49E-05,4.49E-05,4.49E-05
AAGCCAGGTTACGAAC-1,0.015434045,0.034678515,3.12E-05,0.048428322,0.078519958,0.026387447,3.12E-05,3.12E-05,0.009808388,0.059001733,0.061152465,0.001800226,3.12E-05,0.026721709,0.042505685,3.14E-05,0.59534301,3.12E-05,3.12E-05
AAGCCATCCGTGCTAT-1,2.25E-05,2.25E-05,2.25E-05,0.03847198,0.01342626,0.026838991,0.0022977,2.25E-05,2.25E-05,0.024207838,0.027434372,0.001562037,0.013618439,2.25E-05,3.37E-05,0.018538502,0.818096435,2.25E-05,0.015316202
AAGCCATCGCGATATG-1,4.78E-05,4.78E-05,4.78E-05,0.994335771,0.00434204,4.78E-05,0.000104691,0.000147672,0.000400309,4.78E-05,4.78E-05,4.78E-05,4.78E-05,4.78E-05,4.78E-05,4.78E-05,4.78E-05,4.78E-05,4.78E-05
AAGCCATTATCGAAGG-1,0.020582884,0.005255861,2.22E-05,0.000135116,0.114716482,0.061754484,5.21E-05,2.22E-05,2.22E-05,0.021788653,0.030722124,0.001151895,2.35E-05,0.021332325,0.012375575,2.22E-05,0.709975903,2.22E-05,2.22E-05
AAGCCATTATCTGCCA-1,3.12E-05,0.005524259,3.12E-05,7.73E-05,0.068381387,0.101365595,3.12E-05,3.12E-05,0.001284403,0.097876413,0.052061407,3.12E-05,0.013641939,3.12E-05,0.059360786,4.82E-05,0.600128918,3.12E-05,3.12E-05
AAGCCGGTTACAAGGC-1,0.016580864,0.001381289,0.008670123,0.065769162,3.18E-05,0.120135509,3.18E-05,3.18E-05,0.001747138,0.111603209,0.05252484,3.18E-05,0.072181451,0.038513158,0.030282565,3.18E-05,0.381987468,0.098432659,3.18E-05
AAGCGACGAACCGCCT-1,0.000440482,4.69E-05,4.69E-05,0.274130532,4.69E-05,0.002294117,4.69E-05,0.002133487,4.69E-05,4.69E-05,4.69E-05,0.004083013,0.39090797,0.00326988,0.025281472,4.69E-05,0.296990417,4.69E-05,4.69E-05
AAGCGAGCCGTCCGCT-1,0.135207823,0.159867385,0.016754724,0.2145456,0.000133829,0.093361,0.000133829,0.016110933,0.030372862,0.093712813,0.009132605,0.000133829,0.044422374,0.000133829,0.026300604,0.027756951,0.034778389,0.080742543,0.016398078
AAGCGAGGAAGTGAAC-1,2.30E-05,2.30E-05,2.30E-05,2.30E-05,2.30E-05,0.145953435,2.30E-05,0.001264649,2.30E-05,2.30E-05,0.039415657,2.30E-05,2.30E-05,2.30E-05,0.048410879,2.30E-05,0.764632769,2.30E-05,2.30E-05
AAGCGTTCGTCTGTCC-1,2.34E-05,2.34E-05,2.34E-05,2.34E-05,2.34E-05,0.005420951,0.308149031,0.000692812,2.34E-05,2.34E-05,2.34E-05,2.34E-05,2.34E-05,2.34E-05,0.003615456,0.58814429,0.09367365,2.34E-05,2.34E-05
AAGGACATAACCGCAC-1,3.15E-05,3.15E-05,3.15E-05,3.15E-05,0.222114844,0.063126459,4.48E-05,0.006090835,3.15E-05,0.080712657,0.01872172,0.004837923,0.009119485,0.038928616,0.063467738,6.09E-05,0.492553212,3.15E-05,3.15E-05
AAGGACCAACATGGCT-1,1.73E-05,1.73E-05,1.73E-05,1.73E-05,1.73E-05,1.73E-05,0.171433645,1.73E-05,1.73E-05,1.73E-05,1.73E-05,1.73E-05,1.73E-05,1.73E-05,1.73E-05,0.828272169,1.73E-05,1.73E-05,1.73E-05
AAGGACCTGCAAGCAT-1,3.35E-05,3.35E-05,3.35E-05,3.35E-05,3.35E-05,0.178964275,3.35E-05,0.00124272,3.35E-05,3.35E-05,0.093854252,3.35E-05,3.84E-05,3.35E-05,0.04442615,3.35E-05,0.681038495,3.35E-05,3.35E-05
AAGGAGGCACTCAATT-1,3.24E-05,3.24E-05,0.001531308,3.24E-05,3.24E-05,0.016579128,3.24E-05,3.24E-05,0.000961963,0.000121259,0.15613856,0.018930816,3.24E-05,0.001030725,5.65E-05,3.24E-05,0.781329357,0.023028462,3.24E-05
AAGGAGTGGCTACCAA-1,0.01176876,0.035383881,2.41E-05,2.41E-05,0.037911723,0.052541617,2.41E-05,0.018241121,2.41E-05,0.007549784,0.025807257,0.003427477,2.64E-05,4.15E-05,0.018265231,2.41E-05,0.696221284,0.092669221,2.41E-05
AAGGCAGTCTGATCAC-1,2.27E-05,2.27E-05,2.27E-05,4.65E-05,0.096453006,0.133119282,0.000100879,2.27E-05,0.00211396,0.026549117,0.069645887,0.001569239,2.27E-05,3.09E-05,0.033166135,2.27E-05,0.637023101,2.27E-05,2.27E-05
AAGGCATGAACAGCTC-1,0.028104428,0.336655364,0.049824728,6.28E-05,6.28E-05,0.016521394,0.012046863,0.024406008,0.105866887,0.10019055,0.003987498,0.004289963,0.001722671,6.28E-05,0.057420101,6.28E-05,0.119738624,0.138910829,6.28E-05
AAGGCCAATTCAATAA-1,3.25E-05,3.25E-05,3.25E-05,3.25E-05,0.120375607,0.093829733,0.044117318,3.25E-05,3.25E-05,0.037726533,0.110642238,3.25E-05,3.25E-05,0.010433865,0.063021527,3.25E-05,0.519495972,3.25E-05,3.25E-05
AAGGCCAGCAATCGCC-1,0.027564039,6.96E-05,6.96E-05,0.06981163,6.96E-05,0.016883349,0.496322848,6.96E-05,0.003683343,0.049165359,6.96E-05,0.005087796,0.027857199,6.96E-05,0.008908657,0.192036914,0.102121766,6.96E-05,6.96E-05
AAGGCCAGTCGCAATT-1,4.88E-05,4.88E-05,4.88E-05,4.88E-05,4.88E-05,0.002615751,0.625402404,0.000535754,4.88E-05,4.88E-05,4.88E-05,4.88E-05,4.88E-05,4.88E-05,0.002426261,0.368336281,4.88E-05,4.88E-05,4.88E-05
AAGGCCGACCTACCTG-1,0.003676733,4.60E-05,0.019565596,4.60E-05,4.60E-05,0.090738054,4.60E-05,4.60E-05,0.000201112,0.082345984,4.60E-05,0.000621029,0.14634136,0.054083771,0.063888691,4.60E-05,0.538123889,4.60E-05,4.60E-05
AAGGCCGACTATGTAA-1,4.73E-05,4.73E-05,4.73E-05,4.73E-05,4.73E-05,0.014480742,0.645129441,0.000225716,0.001032725,4.73E-05,4.73E-05,0.001143065,4.73E-05,4.73E-05,0.039672453,0.279138135,0.018657231,4.73E-05,4.73E-05
AAGGCCGATTCTGAGC-1,3.31E-05,3.31E-05,0.010651658,6.84E-05,0.033395009,0.483053565,3.31E-05,0.002563771,0.005621159,0.000403144,0.025981158,0.001197258,0.105120193,0.00063497,0.14102898,3.31E-05,0.190082161,3.31E-05,3.31E-05
AAGGCCTCGCGAGGAA-1,2.18E-05,0.027569106,0.025410254,2.18E-05,0.050617159,0.094208668,0.023528715,2.18E-05,2.18E-05,0.001401475,0.050104079,0.007726967,2.18E-05,0.032416653,0.093261753,0.017969292,0.57563327,2.18E-05,2.18E-05
AAGGCGAACAGCATAA-1,0.057896798,0.000250591,0.03155449,4.52E-05,4.52E-05,0.136833079,4.52E-05,0.035228173,0.002791751,0.006648882,0.08239506,0.00388263,0.177823408,0.009427981,0.041549874,4.52E-05,0.273265387,0.140226031,4.52E-05
AAGGCGAACTAGTAGA-1,3.22E-05,0.003077261,3.22E-05,3.22E-05,3.22E-05,0.116132688,9.25E-05,0.005573116,3.22E-05,0.066937736,0.039853303,0.000453334,3.90E-05,3.22E-05,0.098489608,0.020768416,0.64832571,3.22E-05,3.22E-05
AAGGCGACGGTGTCGG-1,6.34E-05,6.34E-05,6.34E-05,6.34E-05,0.589851757,0.022419329,6.95E-05,0.002101857,6.34E-05,6.34E-05,6.34E-05,6.34E-05,0.158568665,0.1200135,0.016512049,6.34E-05,0.089765753,6.34E-05,6.34E-05
AAGGCGAGGTTCATGT-1,0.0324482,0.017747771,2.67E-05,2.67E-05,0.01711157,0.022007127,2.67E-05,0.012206027,2.67E-05,7.48E-05,0.048268994,0.000844134,0.0265917,2.83E-05,0.015604372,2.67E-05,0.806880407,2.67E-05,2.67E-05
AAGGCGCCGACAATCT-1,0.003493071,0.011491248,0.010390661,6.56E-05,0.245526234,0.130008606,6.56E-05,0.008299143,0.002522252,0.072699863,6.56E-05,0.001620146,0.074609763,6.56E-05,0.077462361,6.56E-05,0.361417415,6.56E-05,6.56E-05
AAGGCGCCTAACATAG-1,3.28E-05,3.28E-05,3.28E-05,3.28E-05,3.28E-05,0.108070985,3.28E-05,0.002018358,3.28E-05,3.28E-05,0.025086325,3.28E-05,3.28E-05,0.003955624,0.067177359,3.28E-05,0.793264578,3.28E-05,3.28E-05
AAGGTGATCCGTGACG-1,3.18E-05,3.18E-05,3.18E-05,0.016329505,0.00023554,0.129709256,3.18E-05,3.18E-05,3.18E-05,0.087248448,0.180786141,0.001982913,3.34E-05,0.02355557,0.089947055,3.18E-05,0.469885588,3.18E-05,3.18E-05
AAGGTGCCGCTAAGGT-1,4.50E-05,4.50E-05,4.50E-05,4.50E-05,0.807640454,4.50E-05,4.50E-05,0.000520306,4.50E-05,4.50E-05,4.50E-05,0.000271146,4.50E-05,0.190893803,4.50E-05,4.50E-05,4.50E-05,4.50E-05,4.50E-05
AAGGTGGATATGATCG-1,0.030697559,3.48E-05,3.48E-05,0.073586086,0.038953345,0.102781636,3.48E-05,3.48E-05,0.001952113,0.035064791,0.074134023,0.002559258,3.67E-05,0.021240028,0.023645538,3.48E-05,0.595105454,3.48E-05,3.48E-05
AAGGTGTCCATTAAGA-1,2.26E-05,2.26E-05,2.26E-05,2.26E-05,0.03240302,0.000855247,2.26E-05,2.26E-05,2.26E-05,0.081143119,0.112591077,2.26E-05,2.26E-05,4.07E-05,0.039568673,2.26E-05,0.733127427,2.26E-05,2.26E-05
AAGGTTACTATGACGC-1,4.72E-05,4.72E-05,4.72E-05,0.917152017,4.72E-05,4.72E-05,4.72E-05,4.72E-05,4.72E-05,4.72E-05,4.72E-05,4.72E-05,0.071201896,0.003558156,4.72E-05,4.72E-05,0.007379756,4.72E-05,4.72E-05
AAGGTTCATGCGGTGC-1,0.030206432,0.008957737,0.000465871,4.51E-05,0.075767715,0.160626747,4.51E-05,0.011902874,0.003211676,0.048527443,0.089662629,0.005176114,0.000797035,0.064175707,0.068297286,4.51E-05,0.431999368,4.51E-05,4.51E-05
AAGGTTGCAGAAGCAG-1,0.037361184,0.038098844,3.33E-05,3.33E-05,3.33E-05,3.36E-05,3.33E-05,0.005335831,0.002158044,3.74E-05,0.124621643,0.001067294,4.37E-05,0.014715941,0.040345799,3.33E-05,0.73594798,3.33E-05,3.33E-05
AAGGTTGCTGAGTTGA-1,0.002196661,9.61E-05,0.060772624,9.61E-05,9.61E-05,0.005102253,0.281842067,0.025463638,0.047114551,0.175851752,9.61E-05,9.61E-05,9.61E-05,9.61E-05,9.61E-05,0.243566461,0.07995514,0.0772697,9.61E-05
AAGTACTAAGGTTACG-1,0.036890803,7.12E-05,7.12E-05,7.12E-05,0.133348313,0.122236081,7.12E-05,0.002070534,7.12E-05,0.107734322,7.12E-05,0.003476864,0.030348158,0.014059976,0.082048529,7.12E-05,0.467145579,7.12E-05,7.12E-05
AAGTACTACAGTAGAA-1,0.021229933,3.61E-05,3.61E-05,3.61E-05,4.25E-05,0.000651479,3.61E-05,3.61E-05,3.98E-05,3.61E-05,4.18E-05,3.61E-05,6.04E-05,3.84E-05,0.020639346,3.61E-05,0.956894931,3.61E-05,3.61E-05
AAGTACTGGATGCGCA-1,4.58E-05,4.58E-05,0.007471063,0.000124642,4.58E-05,0.069482576,4.58E-05,4.58E-05,0.00846765,0.117428893,4.58E-05,4.58E-05,0.338782689,0.011583138,0.129528391,4.58E-05,0.316672705,4.58E-05,4.58E-05
AAGTATTGTAGGTCGC-1,4.56E-05,4.56E-05,4.56E-05,4.56E-05,4.56E-05,0.287406344,4.56E-05,0.002664264,0.001303706,0.011353672,0.059597606,0.008331895,5.62E-05,7.13E-05,0.192869053,4.56E-05,0.43593525,4.56E-05,4.56E-05
AAGTCGCTATCCTGTC-1,0.002223485,0.177566639,0.001995462,6.41E-05,6.41E-05,0.238831194,0.001436439,6.41E-05,0.009575668,0.187125465,0.017522983,0.00992607,6.41E-05,6.41E-05,0.108707685,0.016025926,0.222330998,0.006347171,6.41E-05
AAGTCGGACACTTCAG-1,4.69E-05,4.69E-05,0.011057586,4.69E-05,4.69E-05,0.118144451,0.777483369,0.002035766,0.00521229,4.69E-05,4.69E-05,0.0005197,4.69E-05,4.69E-05,0.007261137,0.017597752,0.06021895,4.69E-05,4.69E-05
AAGTCTACCGGTTGGA-1,2.24E-05,0.014102202,2.24E-05,2.24E-05,4.15E-05,0.031425268,2.24E-05,2.24E-05,0.003747789,0.076491956,0.140434337,0.039172864,2.24E-05,2.24E-05,2.56E-05,0.041515253,0.608767689,0.044096036,2.24E-05
AAGTCTACGCACTCGG-1,4.71E-05,0.006422742,4.71E-05,0.060576734,0.112499152,0.045117768,0.039934743,0.00213709,4.71E-05,0.03869664,0.066014768,4.71E-05,0.060902176,4.71E-05,0.007543521,0.077539794,0.48228539,4.71E-05,4.71E-05
AAGTCTGTCAATTCTT-1,0.059564223,5.12E-05,0.00114593,5.12E-05,5.12E-05,0.017270057,5.12E-05,0.012307843,0.007662776,0.030788119,0.135233908,0.017942252,5.12E-05,5.12E-05,5.12E-05,5.12E-05,0.624170101,0.093454413,5.12E-05
AAGTCTTAAGTTGCCA-1,0.012495681,3.38E-05,3.38E-05,3.38E-05,3.38E-05,0.005169479,3.38E-05,0.007780394,0.006442236,0.051458533,0.031491559,3.38E-05,3.38E-05,3.38E-05,0.000887098,3.38E-05,0.817263963,0.066673089,3.38E-05
